1.80735995e+00
1.88128945e+00
1.91236764e+00
1.93267302e+00
1.94543697e+00
1.95224870e+00
1.95524295e+00
1.95437970e+00
1.94971152e+00
1.94190628e+00
1.93232373e+00
1.92175701e+00
1.90948291e+00
1.89582436e+00
1.88045207e+00
1.86326327e+00
1.84883747e+00
1.83662734e+00
1.82433550e+00
1.81220860e+00
1.79868702e+00
1.78443268e+00
1.76930071e+00
1.75397406e+00
1.73961203e+00
1.72408671e+00
1.70789344e+00
1.69260893e+00
1.67765461e+00
1.66236278e+00
1.64768019e+00
1.63424294e+00
1.62090253e+00
1.60794123e+00
1.59536830e+00
1.58354823e+00
1.57199714e+00
1.56201793e+00
1.55226447e+00
1.54252229e+00
1.53337862e+00
1.52550811e+00
1.51841200e+00
1.51135701e+00
1.50449327e+00
1.49750793e+00
1.49110865e+00
1.48474998e+00
1.47863789e+00
1.47282891e+00
1.46756431e+00
1.46250385e+00
1.45780400e+00
1.45692399e+00
1.45603571e+00
1.45513144e+00
1.45421886e+00
1.45330571e+00
1.45239199e+00
1.45149320e+00
1.45060935e+00
1.44974825e+00
1.44888664e+00
1.44804005e+00
1.44721629e+00
1.44641540e+00
1.44563740e+00
1.44486678e+00
1.44411911e+00
1.44337105e+00
1.44259142e+00
1.44183477e+00
1.44110895e+00
1.44040619e+00
1.43969528e+00
1.43897620e+00
1.43823329e+00
1.43749000e+00
1.43675415e+00
1.43605710e+00
1.43538322e+00
1.43474039e+00
1.43410512e+00
1.43348526e+00
1.43287299e+00
1.43225260e+00
1.43163979e+00
1.43101101e+00
1.43037408e+00
1.42972113e+00
1.42907575e+00
1.42843008e+00
1.42778412e+00
1.42714575e+00
1.42652287e+00
1.42591550e+00
1.42530786e+00
1.42469207e+00
1.42406812e+00
1.42343598e+00
1.42281148e+00
1.42217088e+00
1.42152999e+00
1.42089672e+00
1.42026318e+00
1.41963728e+00
1.41902696e+00
1.41844016e+00
1.41788487e+00
1.41733729e+00
1.41678156e+00
1.41623356e+00
1.41567740e+00
1.41512897e+00
1.41459623e+00
1.41407125e+00
1.41354607e+00
1.41300478e+00
1.41243938e+00
1.41188172e+00
1.41133182e+00
1.41078967e+00
1.41024732e+00
1.40971274e+00
1.40916997e+00
1.40864296e+00
1.40812375e+00
1.40760435e+00
1.40710074e+00
1.40662895e+00
1.40616500e+00
1.40570890e+00
1.40522863e+00
1.40474019e+00
1.40422755e+00
1.40370670e+00
1.40318566e+00
1.40267245e+00
1.40215905e+00
1.40165349e+00
1.40116380e+00
1.40068198e+00
1.40021605e+00
1.39975801e+00
1.39929982e+00
1.39884148e+00
1.39838299e+00
1.39792435e+00
1.39744946e+00
1.39697441e+00
1.39649114e+00
1.39600770e+00
1.39551603e+00
1.39501613e+00
1.39452411e+00
1.39403999e+00
1.39355570e+00
1.39307932e+00
1.39260278e+00
1.39212607e+00
1.39164920e+00
1.39117217e+00
1.39069497e+00
1.39021761e+00
1.38974818e+00
1.38928669e+00
1.38882504e+00
1.38835514e+00
1.38788508e+00
1.38741486e+00
1.38695259e+00
1.38648206e+00
1.38601948e+00
1.38556487e+00
1.38509386e+00
1.38464707e+00
1.38419200e+00
1.38373679e+00
1.38328142e+00
1.38281778e+00
1.38235397e+00
1.38188187e+00
1.38140961e+00
1.38094533e+00
1.38048904e+00
1.38004076e+00
1.37960864e+00
1.37917638e+00
1.37874399e+00
1.37831147e+00
1.37787064e+00
1.37742967e+00
1.37698039e+00
1.37693954e+00
1.37689869e+00
1.37684966e+00
1.37680881e+00
1.37675978e+00
1.37671893e+00
1.37667807e+00
1.37662903e+00
1.37658817e+00
1.37653914e+00
1.37649827e+00
1.37645741e+00
1.37640837e+00
1.37636750e+00
1.37631846e+00
1.37627759e+00
1.37622854e+00
1.37618767e+00
1.37613862e+00
1.37609774e+00
1.37604869e+00
1.37600781e+00
1.37595876e+00
1.37591788e+00
1.37586882e+00
1.37582793e+00
1.37577887e+00
1.37573798e+00
1.37568892e+00
1.37564803e+00
1.37559896e+00
1.37555807e+00
1.37550900e+00
1.37546810e+00
1.37542721e+00
1.37537813e+00
1.37533723e+00
1.37528815e+00
1.37524725e+00
1.37520635e+00
1.37515726e+00
1.37511636e+00
1.37506727e+00
1.37502636e+00
1.37498545e+00
1.37493636e+00
1.37489545e+00
1.37485454e+00
1.37480544e+00
1.37476453e+00
1.37472361e+00
1.37467451e+00
1.37463359e+00
1.37458448e+00
1.37454356e+00
1.37450264e+00
1.37445353e+00
1.37441260e+00
1.37436349e+00
1.37432256e+00
1.37428163e+00
1.37423251e+00
1.37419158e+00
1.37414246e+00
1.37410152e+00
1.37405240e+00
1.37401146e+00
1.37397052e+00
1.37392140e+00
1.37388045e+00
1.37383951e+00
1.37379038e+00
1.37374943e+00
1.37370029e+00
1.37365935e+00
1.37361840e+00
1.37356926e+00
1.37352830e+00
1.37347916e+00
1.37343820e+00
1.37339725e+00
1.37334810e+00
1.37330714e+00
1.37326618e+00
1.37321703e+00
1.37317606e+00
1.37313510e+00
1.37308594e+00
1.37304497e+00
1.37300401e+00
1.37296304e+00
1.37291387e+00
1.37287290e+00
1.37283193e+00
1.37278276e+00
1.37274178e+00
1.37270080e+00
1.37265163e+00
1.37261065e+00
1.37256967e+00
1.37371667e+00
1.36857225e+00
1.36560975e+00
1.36321862e+00
1.36122004e+00
1.35954956e+00
1.35821666e+00
1.35695707e+00
1.35547224e+00
1.35411872e+00
1.35281373e+00
1.35144090e+00
1.34996667e+00
1.34844077e+00
1.34688808e+00
1.34532524e+00
1.34376058e+00
1.34218572e+00
1.34060061e+00
1.33902203e+00
1.33741635e+00
1.33578348e+00
1.33414860e+00
1.33250328e+00
1.33088129e+00
1.32928270e+00
1.32758898e+00
1.32602036e+00
1.32456030e+00
1.32296258e+00
1.32131185e+00
1.31975282e+00
1.31824315e+00
1.31672321e+00
1.31515874e+00
1.31358384e+00
1.31197275e+00
1.31041978e+00
1.30883918e+00
1.30724806e+00
1.30564639e+00
1.30418078e+00
1.30267897e+00
1.30116678e+00
1.29969612e+00
1.29826711e+00
1.29684521e+00
1.29547385e+00
1.29408365e+00
1.29266585e+00
1.29127263e+00
1.28996512e+00
1.28874357e+00
1.28755582e+00
1.28630576e+00
1.28494066e+00
1.28354782e+00
1.28219733e+00
1.28095082e+00
1.27967672e+00
1.27839255e+00
1.27711589e+00
1.27580269e+00
1.27448813e+00
1.27320756e+00
1.27199646e+00
1.27077535e+00
1.26953535e+00
1.26834735e+00
1.26719375e+00
1.26605687e+00
1.26492786e+00
1.26379785e+00
1.26267573e+00
1.26157045e+00
1.26050883e+00
1.25942844e+00
1.25833819e+00
1.25725594e+00
1.25617276e+00
1.25512450e+00
1.25404844e+00
1.25295351e+00
1.25183066e+00
1.25073378e+00
1.25055388e+00
1.24561431e+00
1.24260311e+00
1.24032859e+00
1.23846780e+00
1.23676797e+00
1.23512044e+00
1.23358928e+00
1.23210186e+00
1.23065836e+00
1.22929553e+00
1.22788538e+00
1.22649195e+00
1.22510612e+00
1.22367275e+00
1.22228372e+00
1.22092997e+00
1.21963007e+00
1.21837494e+00
1.21713701e+00
1.21590707e+00
1.21463884e+00
1.21335073e+00
1.21201485e+00
1.21064033e+00
1.20924563e+00
1.20782139e+00
1.20634883e+00
1.20486514e+00
1.20335157e+00
1.20181737e+00
1.20029059e+00
1.19880878e+00
1.19734394e+00
1.19587729e+00
1.19441827e+00
1.19295746e+00
1.19149486e+00
1.18999265e+00
1.18843174e+00
1.18688774e+00
1.18537969e+00
1.18393623e+00
1.18254810e+00
1.18120595e+00
1.17989088e+00
1.17856481e+00
1.17718945e+00
1.17587946e+00
1.17458716e+00
1.17333179e+00
1.17205589e+00
1.17072093e+00
1.16930749e+00
1.16796939e+00
1.16665869e+00
1.16537548e+00
1.16411984e+00
1.16288220e+00
1.16170134e+00
1.16560714e+00
1.16121703e+00
1.15831667e+00
1.15620716e+00
1.15445442e+00
1.15290394e+00
1.15150771e+00
1.15022715e+00
1.14900392e+00
1.14789699e+00
1.14686747e+00
1.14589594e+00
1.14494323e+00
1.14395039e+00
1.14297638e+00
1.14199168e+00
1.14104557e+00
1.14008881e+00
1.13915100e+00
1.13820253e+00
1.13718402e+00
1.13613490e+00
1.13510462e+00
1.13407341e+00
1.13304126e+00
1.13198829e+00
1.13091445e+00
1.12979976e+00
1.12863413e+00
1.12751718e+00
1.12643908e+00
1.12536994e+00
1.12430979e+00
1.12324864e+00
1.12219651e+00
1.12117349e+00
1.12013950e+00
1.11909450e+00
1.11808877e+00
1.11712242e+00
1.11619555e+00
1.11528808e+00
1.11436978e+00
1.11345072e+00
1.11250056e+00
1.11154959e+00
1.11057755e+00
1.10961480e+00
1.10866135e+00
1.10770709e+00
1.10675200e+00
1.10579609e+00
1.10483935e+00
1.10388179e+00
1.10294379e+00
1.10204582e+00
1.10117778e+00
1.10034994e+00
1.09952149e+00
1.09869240e+00
1.09785245e+00
1.09702211e+00
1.09618087e+00
1.09531845e+00
1.09443479e+00
1.09351955e+00
1.09260354e+00
1.09171768e+00
1.09086204e+00
1.09004702e+00
1.08926237e+00
1.08848748e+00
1.08773273e+00
1.08700851e+00
1.08630452e+00
1.08562079e+00
1.08493663e+00
1.08424167e+00
1.08351511e+00
1.08277768e+00
1.08202934e+00
1.08128049e+00
1.08052071e+00
1.07974997e+00
1.07896826e+00
1.07817554e+00
1.07736136e+00
1.07655701e+00
1.07577298e+00
1.07504070e+00
1.07434980e+00
1.07368990e+00
1.07305056e+00
1.07242133e+00
1.07179172e+00
1.07116175e+00
1.07053141e+00
1.06991121e+00
1.06931169e+00
1.06871184e+00
1.07219051e+00
1.06662552e+00
1.06375279e+00
1.06161434e+00
1.05979007e+00
1.05815405e+00
1.05667521e+00
1.05524760e+00
1.05385008e+00
1.05241864e+00
1.05089961e+00
1.04935695e+00
1.04782274e+00
1.04621102e+00
1.04453219e+00
1.04285066e+00
1.04128526e+00
1.03985816e+00
1.03853743e+00
1.03731263e+00
1.03618411e+00
1.03507608e+00
1.03395600e+00
1.03280201e+00
1.03162493e+00
1.03041375e+00
1.02917928e+00
1.02788861e+00
1.02654152e+00
1.02517072e+00
1.02383104e+00
1.02253362e+00
1.02130064e+00
1.02011029e+00
1.01898479e+00
1.01791331e+00
1.01690708e+00
1.01596629e+00
1.01506896e+00
1.01418194e+00
1.01328303e+00
1.01237221e+00
1.01143833e+00
1.01050359e+00
1.00953455e+00
1.00851996e+00
1.00749318e+00
1.00646535e+00
1.00547004e+00
1.00454094e+00
1.00364461e+00
1.00278113e+00
1.00195060e+00
1.00114185e+00
1.00033244e+00
9.99556151e-01
9.98790519e-01
9.98058115e-01
9.97359013e-01
9.96704570e-01
9.96083581e-01
9.95484807e-01
9.94908287e-01
9.94331434e-01
9.93765566e-01
9.93199376e-01
9.92655529e-01
9.92122724e-01
9.91600978e-01
9.91090309e-01
9.90568019e-01
9.90056817e-01
9.89545350e-01
9.89056368e-01
9.88578525e-01
9.88123221e-01
9.87679098e-01
9.87234775e-01
9.86778851e-01
9.86311310e-01
9.85843547e-01
9.85375563e-01
9.84907356e-01
9.84461782e-01
9.84038871e-01
9.83627216e-01
9.83261156e-01
9.82917850e-01
9.82620222e-01
9.82345408e-01
9.82093427e-01
9.81852840e-01
9.81635116e-01
9.81428805e-01
9.81210986e-01
9.80993119e-01
9.80775204e-01
9.80522820e-01
9.80258894e-01
9.79960458e-01
9.79638964e-01
9.79294389e-01
9.78938200e-01
9.78558889e-01
9.78179431e-01
9.77788321e-01
9.77397053e-01
9.76994115e-01
9.76591010e-01
9.76187738e-01
9.75784300e-01
9.75369161e-01
9.74965384e-01
9.74549896e-01
9.74122682e-01
9.73695281e-01
9.73256133e-01
9.72793657e-01
9.72330962e-01
9.71868047e-01
9.71404910e-01
9.70941553e-01
9.70489567e-01
9.70025773e-01
9.69573360e-01
9.69120736e-01
9.68679514e-01
9.68226471e-01
9.67784842e-01
9.67703467e-01
9.67343011e-01
9.66900977e-01
9.66447102e-01
9.65993012e-01
9.65527058e-01
9.65060879e-01
9.64571148e-01
9.64081169e-01
9.63590940e-01
9.63088781e-01
9.62586360e-01
9.62083676e-01
9.61592429e-01
9.61100931e-01
9.60632604e-01
9.60187482e-01
9.59753875e-01
9.59343526e-01
9.58968196e-01
9.58604454e-01
9.58264055e-01
9.57947024e-01
9.57653382e-01
9.57383152e-01
9.57136354e-01
9.56901249e-01
9.56689605e-01
9.56501438e-01
9.56324997e-01
9.56160290e-01
9.56007322e-01
9.55866099e-01
9.55736627e-01
9.55607137e-01
9.55489403e-01
9.55371655e-01
9.55265670e-01
9.55159673e-01
9.55065443e-01
9.54971204e-01
9.54888737e-01
9.54806263e-01
9.54723782e-01
9.54653078e-01
9.54582369e-01
9.54511655e-01
9.54429149e-01
9.54334847e-01
9.54240536e-01
9.54134424e-01
9.54016509e-01
9.53886786e-01
9.53733453e-01
9.53591894e-01
9.53426715e-01
9.53249705e-01
9.53060858e-01
9.52871975e-01
9.52659435e-01
9.52446849e-01
9.52210586e-01
9.51974264e-01
9.51714243e-01
9.51454150e-01
9.51170332e-01
9.50886429e-01
9.50590606e-01
9.50294691e-01
9.49986842e-01
9.49667047e-01
9.49358994e-01
9.49038988e-01
9.48718873e-01
9.48410512e-01
9.48090186e-01
9.47781620e-01
9.47472955e-01
9.47164189e-01
9.46867203e-01
9.46570124e-01
9.46272952e-01
9.45987579e-01
9.45714016e-01
9.45440374e-01
9.45166652e-01
9.44904757e-01
9.44642790e-01
9.44392662e-01
9.44142468e-01
9.43904126e-01
9.43653803e-01
9.43427263e-01
9.43188740e-01
9.42962088e-01
9.42735382e-01
9.42508621e-01
9.42281805e-01
9.42066877e-01
9.41839955e-01
9.41624925e-01
9.41397897e-01
9.41182767e-01
9.40955631e-01
9.40740400e-01
9.40525119e-01
9.40309789e-01
9.40094410e-01
9.39890951e-01
9.39675476e-01
9.39471926e-01
9.39280310e-01
9.39076674e-01
9.38884977e-01
9.38693241e-01
9.38513452e-01
9.38321640e-01
9.38153772e-01
9.37973880e-01
9.37805950e-01
9.37625992e-01
9.37457999e-01
9.37301979e-01
9.37133929e-01
9.36965848e-01
9.36809746e-01
9.36653618e-01
9.36485451e-01
9.36329269e-01
9.36173061e-01
9.36016827e-01
9.35860567e-01
9.35692257e-01
9.35535943e-01
9.35367575e-01
9.35211206e-01
9.35042780e-01
9.34874323e-01
9.34693800e-01
9.34525281e-01
9.34344690e-01
9.34164065e-01
9.33983405e-01
9.33790662e-01
9.33597879e-01
9.33405057e-01
9.33200139e-01
9.32995177e-01
9.32790169e-01
9.32585117e-01
9.32367953e-01
9.32150739e-01
9.31921402e-01
9.31704084e-01
9.31474637e-01
9.31257215e-01
9.31027658e-01
9.30798045e-01
9.30568375e-01
9.30338648e-01
9.30108865e-01
9.29879024e-01
9.29649127e-01
9.29419173e-01
9.29201270e-01
9.28983315e-01
9.28765309e-01
9.28547252e-01
9.28341263e-01
9.28123106e-01
9.27929146e-01
9.27723019e-01
9.27528975e-01
9.27334891e-01
9.27152900e-01
9.26970873e-01
9.26788811e-01
9.26618854e-01
9.26448865e-01
9.26278846e-01
9.26120942e-01
9.25950863e-01
9.25805055e-01
9.25647071e-01
9.25501216e-01
9.25355337e-01
9.25209436e-01
9.25063511e-01
9.24917564e-01
9.24783759e-01
9.24649934e-01
9.24503921e-01
9.24370056e-01
9.24236171e-01
9.24090093e-01
9.23956168e-01
9.23822223e-01
9.23676080e-01
9.23542094e-01
9.23395906e-01
9.23249695e-01
9.23103461e-01
9.22957204e-01
9.22810923e-01
9.22652426e-01
9.22506098e-01
9.22347548e-01
9.22188972e-01
9.22030368e-01
9.21871737e-01
9.21713079e-01
9.21554393e-01
9.21383471e-01
9.21212516e-01
9.21041530e-01
9.20870512e-01
9.20699462e-01
9.20528381e-01
9.20345044e-01
9.20173897e-01
9.19990489e-01
9.19807045e-01
9.19623564e-01
9.19440047e-01
9.19256493e-01
9.19072902e-01
9.18877032e-01
9.18693366e-01
9.18497414e-01
9.18301421e-01
9.18105386e-01
9.17909309e-01
9.17713190e-01
9.17517030e-01
9.17308563e-01
9.17100049e-01
9.16891488e-01
9.16682879e-01
9.16474222e-01
9.16265518e-01
9.16044486e-01
9.15835684e-01
9.15614548e-01
9.15393358e-01
9.15172115e-01
9.14950818e-01
9.14717169e-01
9.14495763e-01
9.14274302e-01
9.14040481e-01
9.13806599e-01
9.13572657e-01
9.13350973e-01
9.13116915e-01
9.12882796e-01
9.12648618e-01
9.12414380e-01
9.12180081e-01
9.11958058e-01
9.11723642e-01
9.11489166e-01
9.11254630e-01
9.11032381e-01
9.10797727e-01
9.10575368e-01
9.10352954e-01
9.10118124e-01
9.09895598e-01
9.09673018e-01
9.09450383e-01
9.09215321e-01
9.08992574e-01
9.08769773e-01
9.08546917e-01
9.08324006e-01
9.08101041e-01
9.07878020e-01
9.07654945e-01
9.07431816e-01
9.07208631e-01
9.06985391e-01
9.06749690e-01
9.06526337e-01
9.06302929e-01
9.06067050e-01
9.05843530e-01
9.05607531e-01
9.05383896e-01
9.05147778e-01
9.04911598e-01
9.04675356e-01
9.04588304e-01
9.04488806e-01
9.04401736e-01
9.04302217e-01
9.04215129e-01
9.04115590e-01
9.04028484e-01
9.03928924e-01
9.03841800e-01
9.03742220e-01
9.03655078e-01
9.03555477e-01
9.03518124e-01
9.03418508e-01
9.03331335e-01
9.03231698e-01
9.03144507e-01
9.03044849e-01
9.02957640e-01
9.02870423e-01
9.02770735e-01
9.02683499e-01
9.02583791e-01
9.02496537e-01
9.02409275e-01
9.02359407e-01
9.02272132e-01
9.02184848e-01
9.02085085e-01
9.01997783e-01
9.01910472e-01
9.01823153e-01
9.01735826e-01
9.01648490e-01
9.01561146e-01
9.01473793e-01
9.01386432e-01
9.01299062e-01
9.01249133e-01
9.01161750e-01
9.01074359e-01
9.00999445e-01
9.00912038e-01
9.00824622e-01
9.00737198e-01
9.00662256e-01
9.00574816e-01
9.00499861e-01
9.00412406e-01
9.00337437e-01
9.00249965e-01
9.00212475e-01
9.00137489e-01
9.00049999e-01
8.99975000e-01
8.99899994e-01
8.99812480e-01
8.99737462e-01
8.99662437e-01
8.99587405e-01
8.99512368e-01
8.99437324e-01
8.99362274e-01
8.99287218e-01
8.99249687e-01
8.99174622e-01
8.99099550e-01
8.99036985e-01
8.98961901e-01
8.98886812e-01
8.98811716e-01
8.98749131e-01
8.98674023e-01
8.98611429e-01
8.98536310e-01
8.98473706e-01
8.98398575e-01
8.98361008e-01
8.98298391e-01
8.98235771e-01
8.98160620e-01
8.98097990e-01
8.98035356e-01
8.97960188e-01
8.97897544e-01
8.97834896e-01
8.97772243e-01
8.97709586e-01
8.97634391e-01
8.97571724e-01
8.97546656e-01
8.97483983e-01
8.97421306e-01
8.97358624e-01
8.97295938e-01
8.97233247e-01
8.97170552e-01
8.97107853e-01
8.97045149e-01
8.96982441e-01
8.96919729e-01
8.96857012e-01
8.96794291e-01
8.96756656e-01
8.96706474e-01
8.96643742e-01
8.96581006e-01
8.96518265e-01
8.96455520e-01
8.96392771e-01
8.96330017e-01
8.96279811e-01
8.96217050e-01
8.96154284e-01
8.96091513e-01
8.96028738e-01
8.96003627e-01
8.95940846e-01
8.95878061e-01
8.95815271e-01
8.95752477e-01
8.95702238e-01
8.95639436e-01
8.95576630e-01
8.95513819e-01
8.95451004e-01
8.95388184e-01
8.95325360e-01
8.95262531e-01
8.95237399e-01
8.95174564e-01
8.95111725e-01
8.95048881e-01
8.94986033e-01
8.94923181e-01
8.94860324e-01
8.94797463e-01
8.94734598e-01
8.94671728e-01
8.94608853e-01
8.94533398e-01
8.94470514e-01
8.94445359e-01
8.94369890e-01
8.94306994e-01
8.94244094e-01
8.94168608e-01
8.94105698e-01
8.94042784e-01
8.93967281e-01
8.93904357e-01
8.93828843e-01
8.93765909e-01
8.93690383e-01
8.93614850e-01
8.93589671e-01
8.93514130e-01
8.93438582e-01
8.93363028e-01
8.93300062e-01
8.93224496e-01
8.93148924e-01
8.93073345e-01
8.92997760e-01
8.92922169e-01
8.92846571e-01
8.92758366e-01
8.92682754e-01
8.92644946e-01
8.92569325e-01
8.92481092e-01
8.92405457e-01
8.92329816e-01
8.92241559e-01
8.92165904e-01
8.92077631e-01
8.91989350e-01
8.91913673e-01
8.91825375e-01
8.91737069e-01
8.91661371e-01
8.91610902e-01
8.91522574e-01
8.91434238e-01
8.91345892e-01
8.91257539e-01
8.91169176e-01
8.91080804e-01
8.90992424e-01
8.90904035e-01
8.90815637e-01
8.90727231e-01
8.90626184e-01
8.90537759e-01
8.90487226e-01
8.90398787e-01
8.90310339e-01
8.90209245e-01
8.90120778e-01
8.90019663e-01
8.89905894e-01
8.89779467e-01
8.89665668e-01
8.89539207e-01
8.89425376e-01
8.89298881e-01
8.89185020e-01
8.89058491e-01
8.88931943e-01
8.88818035e-01
8.88691454e-01
8.88564854e-01
8.88450899e-01
8.88324265e-01
8.88197613e-01
8.88070943e-01
8.87944255e-01
8.87830220e-01
8.87703498e-01
8.87576757e-01
8.87449999e-01
8.87323222e-01
8.87209107e-01
8.87082296e-01
8.86955467e-01
8.86828619e-01
8.86701754e-01
8.86587559e-01
8.86460659e-01
8.86333741e-01
8.86219499e-01
8.86092546e-01
8.85965575e-01
8.85838586e-01
8.85724280e-01
8.85597256e-01
8.85482919e-01
8.85355861e-01
8.85241492e-01
8.85114399e-01
8.85000000e-01
8.84872872e-01
8.84758442e-01
8.84631279e-01
8.84516817e-01
8.84402341e-01
8.84275127e-01
8.84160619e-01
8.84046096e-01
8.83918831e-01
8.83804277e-01
8.83689708e-01
8.83575124e-01
8.83460525e-01
8.83345912e-01
8.83231283e-01
8.83116640e-01
8.83001982e-01
8.82887309e-01
8.82772621e-01
8.82657918e-01
8.82543200e-01
8.82428467e-01
8.82326470e-01
8.82211709e-01
8.82096933e-01
8.81982143e-01
8.81880094e-01
8.81765275e-01
8.81650441e-01
8.81548354e-01
8.81433492e-01
8.81331379e-01
8.81216489e-01
8.81101583e-01
8.80999432e-01
8.80884499e-01
8.80782323e-01
8.80680135e-01
8.80565159e-01
8.80462946e-01
8.80347943e-01
8.80245704e-01
8.80130672e-01
8.80028409e-01
8.79926133e-01
8.79811059e-01
8.79708759e-01
8.79606446e-01
8.79491330e-01
8.79388992e-01
8.79286643e-01
8.79184281e-01
8.79069110e-01
8.78966723e-01
8.78864324e-01
8.78749111e-01
8.78646687e-01
8.78544250e-01
8.78428995e-01
8.78326534e-01
8.78224060e-01
8.78121575e-01
8.78006264e-01
8.77903753e-01
8.77801230e-01
8.77685878e-01
8.77583329e-01
8.77467948e-01
8.77365374e-01
8.77262788e-01
8.77147365e-01
8.77044754e-01
8.76929302e-01
8.76826665e-01
8.76711184e-01
8.76608522e-01
8.76493012e-01
8.76390324e-01
8.76274786e-01
8.76159232e-01
8.76056505e-01
8.75940923e-01
8.75825325e-01
8.75709712e-01
8.75606932e-01
8.75491291e-01
8.75375634e-01
8.75259961e-01
8.75144274e-01
8.75028571e-01
8.74912853e-01
8.74797119e-01
8.74681371e-01
8.74565606e-01
8.74449827e-01
8.74334032e-01
8.74218222e-01
8.74102397e-01
8.73973684e-01
8.73857826e-01
8.73741953e-01
8.73613187e-01
8.73497281e-01
8.73381360e-01
8.73252541e-01
8.73136587e-01
8.73007732e-01
8.72878858e-01
8.72762854e-01
8.72633944e-01
8.72505014e-01
8.72388961e-01
8.72259996e-01
8.72131011e-01
8.72002007e-01
8.71872984e-01
8.71756847e-01
8.71627788e-01
8.71498709e-01
8.71369612e-01
8.71240495e-01
8.71111359e-01
8.70969288e-01
8.70840112e-01
8.70710916e-01
8.70581702e-01
8.70452469e-01
8.70323216e-01
8.70181016e-01
8.70051723e-01
8.69922410e-01
8.69780145e-01
8.69650792e-01
8.69521420e-01
8.69379089e-01
8.69249676e-01
8.69107301e-01
8.68977848e-01
8.68835427e-01
8.68705934e-01
8.68563469e-01
8.68433935e-01
8.68291426e-01
8.68161851e-01
8.68019297e-01
8.67889682e-01
8.67747083e-01
8.67617427e-01
8.67474783e-01
8.67345087e-01
8.67202399e-01
8.67072661e-01
8.66929928e-01
8.66787171e-01
8.66657372e-01
8.66514570e-01
8.66384730e-01
8.66241883e-01
8.66112002e-01
8.65969110e-01
8.65826195e-01
8.65696252e-01
8.65553291e-01
8.65423307e-01
8.65280301e-01
8.65150276e-01
8.65007225e-01
8.64877159e-01
8.64747073e-01
8.64603956e-01
8.64473828e-01
8.64330666e-01
8.64200498e-01
8.64070310e-01
8.63927080e-01
8.63796851e-01
8.63666602e-01
8.63523306e-01
8.63393016e-01
8.63262706e-01
8.63132377e-01
8.63002028e-01
8.62858621e-01
8.62728231e-01
8.62597821e-01
8.62467391e-01
8.62336941e-01
8.62206472e-01
8.62075983e-01
8.61945474e-01
8.61814945e-01
8.61697453e-01
8.61566887e-01
8.61436301e-01
8.61305695e-01
8.61188133e-01
8.61057489e-01
8.60926826e-01
8.60809212e-01
8.60678511e-01
8.60560864e-01
8.60430125e-01
8.60312443e-01
8.60181667e-01
8.60063951e-01
