7.03790000e-01
6.93460000e-01
6.80830000e-01
6.67030000e-01
6.55720000e-01
6.46240000e-01
6.36230000e-01
6.26760000e-01
6.16380000e-01
6.06070000e-01
5.96510000e-01
5.87630000e-01
5.78530000e-01
5.69230000e-01
5.59450000e-01
5.48930000e-01
5.40280000e-01
5.33050000e-01
5.25840000e-01
5.18750000e-01
5.10820000e-01
5.02380000e-01
4.93330000e-01
4.84020000e-01
4.75110000e-01
4.65310000e-01
4.54840000e-01
4.44630000e-01
4.34350000e-01
4.23520000e-01
4.12680000e-01
4.02410000e-01
3.91920000e-01
3.81320000e-01
3.70620000e-01
3.60250000e-01
3.49710000e-01
3.40230000e-01
3.30670000e-01
3.20840000e-01
3.11200000e-01
3.02660000e-01
2.94650000e-01
2.86570000e-01
2.78460000e-01
2.69950000e-01
2.61910000e-01
2.53730000e-01
2.45630000e-01
2.37740000e-01
2.30380000e-01
2.23150000e-01
2.16280000e-01
2.14970000e-01
2.13660000e-01
2.12320000e-01
2.10960000e-01
2.09600000e-01
2.08250000e-01
2.06890000e-01
2.05560000e-01
2.04250000e-01
2.02940000e-01
2.01650000e-01
2.00390000e-01
1.99160000e-01
1.97960000e-01
1.96770000e-01
1.95610000e-01
1.94450000e-01
1.93250000e-01
1.92070000e-01
1.90930000e-01
1.89830000e-01
1.88720000e-01
1.87590000e-01
1.86430000e-01
1.85270000e-01
1.84110000e-01
1.83000000e-01
1.81940000e-01
1.80900000e-01
1.79890000e-01
1.78900000e-01
1.77920000e-01
1.76940000e-01
1.75960000e-01
1.74970000e-01
1.73960000e-01
1.72940000e-01
1.71910000e-01
1.70900000e-01
1.69870000e-01
1.68850000e-01
1.67860000e-01
1.66890000e-01
1.65920000e-01
1.64930000e-01
1.63940000e-01
1.62930000e-01
1.61930000e-01
1.60920000e-01
1.59900000e-01
1.58900000e-01
1.57890000e-01
1.56900000e-01
1.55930000e-01
1.55000000e-01
1.54110000e-01
1.53240000e-01
1.52360000e-01
1.51490000e-01
1.50620000e-01
1.49750000e-01
1.48910000e-01
1.48090000e-01
1.47260000e-01
1.46420000e-01
1.45550000e-01
1.44690000e-01
1.43840000e-01
1.42990000e-01
1.42160000e-01
1.41330000e-01
1.40500000e-01
1.39680000e-01
1.38890000e-01
1.38090000e-01
1.37320000e-01
1.36590000e-01
1.35880000e-01
1.35170000e-01
1.34450000e-01
1.33700000e-01
1.32930000e-01
1.32150000e-01
1.31370000e-01
1.30600000e-01
1.29840000e-01
1.29090000e-01
1.28350000e-01
1.27640000e-01
1.26950000e-01
1.26270000e-01
1.25590000e-01
1.24920000e-01
1.24250000e-01
1.23580000e-01
1.22900000e-01
1.22210000e-01
1.21520000e-01
1.20820000e-01
1.20130000e-01
1.19430000e-01
1.18730000e-01
1.18050000e-01
1.17370000e-01
1.16710000e-01
1.16050000e-01
1.15390000e-01
1.14730000e-01
1.14080000e-01
1.13430000e-01
1.12780000e-01
1.12140000e-01
1.11520000e-01
1.10890000e-01
1.10270000e-01
1.09640000e-01
1.09020000e-01
1.08410000e-01
1.07790000e-01
1.07190000e-01
1.06590000e-01
1.05990000e-01
1.05410000e-01
1.04830000e-01
1.04250000e-01
1.03670000e-01
1.03080000e-01
1.02500000e-01
1.01910000e-01
1.01330000e-01
1.00750000e-01
1.00180000e-01
9.96350000e-02
9.91020000e-02
9.85780000e-02
9.80590000e-02
9.75400000e-02
9.70160000e-02
9.64860000e-02
9.59630000e-02
9.59110000e-02
9.58590000e-02
9.58070000e-02
9.57550000e-02
9.57030000e-02
9.56510000e-02
9.55990000e-02
9.55470000e-02
9.54950000e-02
9.54430000e-02
9.53910000e-02
9.53380000e-02
9.52860000e-02
9.52340000e-02
9.51820000e-02
9.51290000e-02
9.50770000e-02
9.50240000e-02
9.49720000e-02
9.49190000e-02
9.48660000e-02
9.48130000e-02
9.47610000e-02
9.47080000e-02
9.46550000e-02
9.46020000e-02
9.45500000e-02
9.44970000e-02
9.44450000e-02
9.43920000e-02
9.43410000e-02
9.42890000e-02
9.42370000e-02
9.41850000e-02
9.41330000e-02
9.40810000e-02
9.40300000e-02
9.39790000e-02
9.39280000e-02
9.38770000e-02
9.38260000e-02
9.37750000e-02
9.37240000e-02
9.36730000e-02
9.36220000e-02
9.35720000e-02
9.35210000e-02
9.34700000e-02
9.34190000e-02
9.33680000e-02
9.33170000e-02
9.32670000e-02
9.32160000e-02
9.31650000e-02
9.31140000e-02
9.30630000e-02
9.30120000e-02
9.29620000e-02
9.29110000e-02
9.28600000e-02
9.28090000e-02
9.27580000e-02
9.27070000e-02
9.26570000e-02
9.26060000e-02
9.25550000e-02
9.25050000e-02
9.24550000e-02
9.24050000e-02
9.23540000e-02
9.23040000e-02
9.22530000e-02
9.22030000e-02
9.21530000e-02
9.21030000e-02
9.20530000e-02
9.20030000e-02
9.19530000e-02
9.19030000e-02
9.18530000e-02
9.18040000e-02
9.17540000e-02
9.17050000e-02
9.16560000e-02
9.16060000e-02
9.15560000e-02
9.15070000e-02
9.14580000e-02
9.14080000e-02
9.13590000e-02
9.13100000e-02
9.12610000e-02
9.12120000e-02
9.11630000e-02
9.11140000e-02
9.10640000e-02
9.10150000e-02
9.09660000e-02
9.09170000e-02
9.08680000e-02
8.88850000e-02
8.69300000e-02
8.50890000e-02
8.31690000e-02
8.12610000e-02
7.94660000e-02
7.79320000e-02
7.64810000e-02
7.48740000e-02
7.33800000e-02
7.19700000e-02
7.05420000e-02
6.90760000e-02
6.76130000e-02
6.61770000e-02
6.47790000e-02
6.34280000e-02
6.21130000e-02
6.08290000e-02
5.95890000e-02
5.83730000e-02
5.71760000e-02
5.60190000e-02
5.48830000e-02
5.37970000e-02
5.27570000e-02
5.16980000e-02
5.07200000e-02
4.98220000e-02
4.88690000e-02
4.79030000e-02
4.69930000e-02
4.61220000e-02
4.52680000e-02
4.44090000e-02
4.35670000e-02
4.27240000e-02
4.19210000e-02
4.11290000e-02
4.03430000e-02
3.95700000e-02
3.88620000e-02
3.81570000e-02
3.74560000e-02
3.67840000e-02
3.61400000e-02
3.55090000e-02
3.49080000e-02
3.43110000e-02
3.37110000e-02
3.31240000e-02
3.25710000e-02
3.20560000e-02
3.15620000e-02
3.10570000e-02
3.05220000e-02
2.99780000e-02
2.94570000e-02
2.89780000e-02
2.85000000e-02
2.80250000e-02
2.75620000e-02
2.70940000e-02
2.66310000e-02
2.61850000e-02
2.57660000e-02
2.53450000e-02
2.49210000e-02
2.45150000e-02
2.41290000e-02
2.37580000e-02
2.33950000e-02
2.30390000e-02
2.26900000e-02
2.23480000e-02
2.20200000e-02
2.16920000e-02
2.13660000e-02
2.10440000e-02
2.07240000e-02
2.04150000e-02
2.01080000e-02
1.97960000e-02
1.94820000e-02
1.91740000e-02
1.85720000e-02
1.80090000e-02
1.74630000e-02
1.69340000e-02
1.64290000e-02
1.59310000e-02
1.54330000e-02
1.49610000e-02
1.45090000e-02
1.40860000e-02
1.36950000e-02
1.33130000e-02
1.29490000e-02
1.25990000e-02
1.22530000e-02
1.19300000e-02
1.16240000e-02
1.13370000e-02
1.10660000e-02
1.08090000e-02
1.05570000e-02
1.03080000e-02
1.00650000e-02
9.82090000e-03
9.57710000e-03
9.33930000e-03
9.10660000e-03
8.87480000e-03
8.64820000e-03
8.42360000e-03
8.20420000e-03
7.99250000e-03
7.79090000e-03
7.59800000e-03
7.41250000e-03
7.23200000e-03
7.05330000e-03
6.88050000e-03
6.71240000e-03
6.54260000e-03
6.37660000e-03
6.21640000e-03
6.06400000e-03
5.91990000e-03
5.78390000e-03
5.65410000e-03
5.52800000e-03
5.40070000e-03
5.28060000e-03
5.16480000e-03
5.05540000e-03
4.94870000e-03
4.84130000e-03
4.73130000e-03
4.62880000e-03
4.53050000e-03
4.43360000e-03
4.34060000e-03
4.24980000e-03
4.16450000e-03
4.08230000e-03
4.00600000e-03
3.93050000e-03
3.85710000e-03
3.78270000e-03
3.70690000e-03
3.63080000e-03
3.55540000e-03
3.48010000e-03
3.40740000e-03
3.33720000e-03
3.26950000e-03
3.20300000e-03
3.13680000e-03
3.07310000e-03
3.01130000e-03
2.95210000e-03
2.89450000e-03
2.83980000e-03
2.78710000e-03
2.73410000e-03
2.68260000e-03
2.63260000e-03
2.58360000e-03
2.53570000e-03
2.48880000e-03
2.44310000e-03
2.39770000e-03
2.35190000e-03
2.30820000e-03
2.26590000e-03
2.22390000e-03
2.18270000e-03
2.14290000e-03
2.10460000e-03
2.06810000e-03
2.03190000e-03
1.99500000e-03
1.95870000e-03
1.92380000e-03
1.89080000e-03
1.85910000e-03
1.82800000e-03
1.79740000e-03
1.76720000e-03
1.73780000e-03
1.70920000e-03
1.68180000e-03
1.65560000e-03
1.63030000e-03
1.60540000e-03
1.58060000e-03
1.55550000e-03
1.52980000e-03
1.50420000e-03
1.47900000e-03
1.45470000e-03
1.43130000e-03
1.40840000e-03
1.38590000e-03
1.36370000e-03
1.34210000e-03
1.32090000e-03
1.29990000e-03
1.27920000e-03
1.25830000e-03
1.23770000e-03
1.21710000e-03
1.19730000e-03
1.17790000e-03
1.15920000e-03
1.14100000e-03
1.12310000e-03
1.10570000e-03
1.08890000e-03
1.07280000e-03
1.05700000e-03
1.04140000e-03
1.02590000e-03
1.01090000e-03
9.96650000e-04
9.82870000e-04
9.69420000e-04
9.56120000e-04
9.42900000e-04
9.29640000e-04
9.16250000e-04
9.03080000e-04
8.90280000e-04
8.77800000e-04
8.65610000e-04
8.53600000e-04
8.41690000e-04
8.29790000e-04
8.17870000e-04
8.06020000e-04
7.94300000e-04
7.82980000e-04
7.71980000e-04
7.61090000e-04
7.48610000e-04
7.20810000e-04
6.94620000e-04
6.70040000e-04
6.46980000e-04
6.25310000e-04
6.04920000e-04
5.85710000e-04
5.67570000e-04
5.50420000e-04
5.34190000e-04
5.18800000e-04
5.04190000e-04
4.90300000e-04
4.77080000e-04
4.64480000e-04
4.52460000e-04
4.40990000e-04
4.30030000e-04
4.19540000e-04
4.09510000e-04
3.99900000e-04
3.90680000e-04
3.81840000e-04
3.73350000e-04
3.65190000e-04
3.57340000e-04
3.49780000e-04
3.42510000e-04
3.35500000e-04
3.28730000e-04
3.22210000e-04
3.15910000e-04
3.09830000e-04
3.03950000e-04
2.98270000e-04
2.92770000e-04
2.87450000e-04
2.82300000e-04
2.77310000e-04
2.72470000e-04
2.67790000e-04
2.63240000e-04
2.58830000e-04
2.54550000e-04
2.50390000e-04
2.46360000e-04
2.42430000e-04
2.38620000e-04
2.34910000e-04
2.31300000e-04
2.27790000e-04
2.24370000e-04
2.21040000e-04
2.17800000e-04
2.14640000e-04
2.11570000e-04
2.08570000e-04
2.05650000e-04
2.02800000e-04
2.00030000e-04
1.97320000e-04
1.94670000e-04
1.92090000e-04
1.89580000e-04
1.87120000e-04
1.84720000e-04
1.82370000e-04
1.80080000e-04
1.77840000e-04
1.75650000e-04
1.73510000e-04
1.71410000e-04
1.69360000e-04
1.67360000e-04
1.65390000e-04
1.63470000e-04
1.61590000e-04
1.59750000e-04
1.57950000e-04
1.56180000e-04
1.54450000e-04
1.52750000e-04
1.51080000e-04
1.49450000e-04
1.47850000e-04
1.46280000e-04
1.44750000e-04
1.43240000e-04
1.41760000e-04
1.40300000e-04
1.38880000e-04
1.37480000e-04
1.36100000e-04
1.34760000e-04
1.33430000e-04
1.32130000e-04
1.30860000e-04
1.29600000e-04
1.28370000e-04
1.27160000e-04
1.25970000e-04
1.24800000e-04
1.23650000e-04
1.22520000e-04
1.21410000e-04
1.20320000e-04
1.19250000e-04
1.18190000e-04
1.17150000e-04
1.16130000e-04
1.15120000e-04
1.14130000e-04
1.13160000e-04
1.12200000e-04
1.11260000e-04
1.10330000e-04
1.09410000e-04
1.08510000e-04
1.07620000e-04
1.06750000e-04
1.05890000e-04
1.05040000e-04
1.04200000e-04
1.03370000e-04
1.02560000e-04
1.01760000e-04
1.00970000e-04
1.00190000e-04
1.00040000e-04
9.94250000e-05
9.86680000e-05
9.79220000e-05
9.71860000e-05
9.64590000e-05
9.57430000e-05
9.50370000e-05
9.43400000e-05
9.36520000e-05
9.29730000e-05
9.23040000e-05
9.16430000e-05
9.09910000e-05
9.03470000e-05
8.97120000e-05
8.90840000e-05
8.84650000e-05
8.78530000e-05
8.72490000e-05
8.66530000e-05
8.60640000e-05
8.54820000e-05
8.49080000e-05
8.43400000e-05
8.37800000e-05
8.32260000e-05
8.26790000e-05
8.21380000e-05
8.16040000e-05
8.10760000e-05
8.05550000e-05
8.00400000e-05
7.95300000e-05
7.90270000e-05
7.85290000e-05
7.80380000e-05
7.75520000e-05
7.70710000e-05
7.65960000e-05
7.61260000e-05
7.56620000e-05
7.52020000e-05
7.47480000e-05
7.42990000e-05
7.38540000e-05
7.34140000e-05
7.29790000e-05
7.25490000e-05
7.21230000e-05
7.17020000e-05
7.12850000e-05
7.08720000e-05
7.04640000e-05
7.00600000e-05
6.96590000e-05
6.92630000e-05
6.88710000e-05
6.84830000e-05
6.80980000e-05
6.77170000e-05
6.73410000e-05
6.69670000e-05
6.65980000e-05
6.62320000e-05
6.58690000e-05
6.55100000e-05
6.51540000e-05
6.48020000e-05
6.44530000e-05
6.41080000e-05
6.37650000e-05
6.34260000e-05
6.30900000e-05
6.27570000e-05
6.24280000e-05
6.21010000e-05
6.17770000e-05
6.14570000e-05
6.11390000e-05
6.08240000e-05
6.05130000e-05
6.02040000e-05
5.98970000e-05
5.95940000e-05
5.92930000e-05
5.89950000e-05
5.87000000e-05
5.84080000e-05
5.81180000e-05
5.78300000e-05
5.75460000e-05
5.72630000e-05
5.69830000e-05
5.67060000e-05
5.64310000e-05
5.61590000e-05
5.58890000e-05
5.56210000e-05
5.53560000e-05
5.50920000e-05
5.48310000e-05
5.45730000e-05
5.43160000e-05
5.40620000e-05
5.38100000e-05
5.35600000e-05
5.33120000e-05
5.30660000e-05
5.28220000e-05
5.25800000e-05
5.23400000e-05
5.21020000e-05
5.18670000e-05
5.16330000e-05
5.14010000e-05
5.11700000e-05
5.09420000e-05
5.07160000e-05
5.04910000e-05
5.02680000e-05
5.00470000e-05
4.98280000e-05
4.96110000e-05
4.93950000e-05
4.91810000e-05
4.89680000e-05
4.87580000e-05
4.85490000e-05
4.83410000e-05
4.81350000e-05
4.79310000e-05
4.77280000e-05
4.75270000e-05
4.73280000e-05
4.71300000e-05
4.69330000e-05
4.67380000e-05
4.65440000e-05
4.63520000e-05
4.61620000e-05
4.59720000e-05
4.57840000e-05
4.55980000e-05
4.54130000e-05
4.52290000e-05
4.50460000e-05
4.48650000e-05
4.46850000e-05
4.45070000e-05
4.43300000e-05
4.41540000e-05
4.39790000e-05
4.38050000e-05
4.36330000e-05
4.34620000e-05
4.32920000e-05
4.31230000e-05
4.29550000e-05
4.27890000e-05
4.26240000e-05
4.24590000e-05
4.22960000e-05
4.21340000e-05
4.19740000e-05
4.18140000e-05
4.16550000e-05
4.14980000e-05
4.13410000e-05
4.11860000e-05
4.10310000e-05
4.08780000e-05
4.07260000e-05
4.05740000e-05
4.04240000e-05
4.02750000e-05
4.01260000e-05
3.99790000e-05
3.98330000e-05
3.96870000e-05
3.95430000e-05
3.94000000e-05
3.92570000e-05
3.91150000e-05
3.89750000e-05
3.88350000e-05
3.86960000e-05
3.85580000e-05
3.84210000e-05
3.82850000e-05
3.81500000e-05
3.80150000e-05
3.78820000e-05
3.77490000e-05
3.76170000e-05
3.74860000e-05
3.73560000e-05
3.72260000e-05
3.70980000e-05
3.69700000e-05
3.68430000e-05
3.67160000e-05
3.65910000e-05
3.64660000e-05
3.63420000e-05
3.62180000e-05
3.60950000e-05
3.59730000e-05
3.58520000e-05
3.57320000e-05
3.56120000e-05
3.54920000e-05
3.53740000e-05
3.52560000e-05
3.51390000e-05
3.50220000e-05
3.49070000e-05
3.47910000e-05
3.46770000e-05
3.45630000e-05
3.44500000e-05
3.43370000e-05
3.42250000e-05
3.41130000e-05
3.40030000e-05
3.38920000e-05
3.37830000e-05
3.36740000e-05
3.35650000e-05
3.34580000e-05
3.33500000e-05
3.32440000e-05
3.31380000e-05
3.30320000e-05
3.29270000e-05
3.28230000e-05
3.27190000e-05
3.26160000e-05
3.25130000e-05
3.24110000e-05
3.23090000e-05
3.22080000e-05
3.21070000e-05
3.20070000e-05
3.19080000e-05
3.18090000e-05
3.17100000e-05
3.16120000e-05
3.15150000e-05
3.14180000e-05
3.13210000e-05
3.12250000e-05
3.11300000e-05
3.10350000e-05
3.09400000e-05
3.08460000e-05
3.07530000e-05
3.06600000e-05
3.05670000e-05
3.04750000e-05
3.03830000e-05
3.02920000e-05
3.02010000e-05
3.01110000e-05
3.00210000e-05
2.99310000e-05
2.98420000e-05
2.97540000e-05
2.96660000e-05
2.95780000e-05
2.94910000e-05
2.94040000e-05
2.93170000e-05
2.92310000e-05
2.91460000e-05
2.90610000e-05
2.89760000e-05
2.88920000e-05
2.88080000e-05
2.87240000e-05
2.86410000e-05
2.85580000e-05
2.84760000e-05
2.83940000e-05
2.83130000e-05
2.82320000e-05
2.81510000e-05
2.80700000e-05
2.79900000e-05
2.79110000e-05
2.78320000e-05
2.78000000e-05
2.77690000e-05
2.77370000e-05
2.77060000e-05
2.76740000e-05
2.76430000e-05
2.76120000e-05
2.75810000e-05
2.75500000e-05
2.75190000e-05
2.74880000e-05
2.74570000e-05
2.74410000e-05
2.74100000e-05
2.73800000e-05
2.73490000e-05
2.73180000e-05
2.72880000e-05
2.72570000e-05
2.72270000e-05
2.71960000e-05
2.71660000e-05
2.71350000e-05
2.71050000e-05
2.70750000e-05
2.70600000e-05
2.70300000e-05
2.70000000e-05
2.69700000e-05
2.69400000e-05
2.69100000e-05
2.68800000e-05
2.68500000e-05
2.68200000e-05
2.67910000e-05
2.67610000e-05
2.67320000e-05
2.67020000e-05
2.66870000e-05
2.66580000e-05
2.66290000e-05
2.65990000e-05
2.65700000e-05
2.65410000e-05
2.65120000e-05
2.64830000e-05
2.64530000e-05
2.64240000e-05
2.63960000e-05
2.63670000e-05
2.63380000e-05
2.63230000e-05
2.62950000e-05
2.62660000e-05
2.62370000e-05
2.62090000e-05
2.61800000e-05
2.61520000e-05
2.61230000e-05
2.60950000e-05
2.60670000e-05
2.60380000e-05
2.60100000e-05
2.59820000e-05
2.59680000e-05
2.59400000e-05
2.59120000e-05
2.58840000e-05
2.58560000e-05
2.58280000e-05
2.58000000e-05
2.57720000e-05
2.57440000e-05
2.57170000e-05
2.56890000e-05
2.56620000e-05
2.56340000e-05
2.56200000e-05
2.55930000e-05
2.55650000e-05
2.55380000e-05
2.55110000e-05
2.54830000e-05
2.54560000e-05
2.54290000e-05
2.54020000e-05
2.53750000e-05
2.53480000e-05
2.53210000e-05
2.52940000e-05
2.52800000e-05
2.52540000e-05
2.52270000e-05
2.52000000e-05
2.51730000e-05
2.51470000e-05
2.51200000e-05
2.50930000e-05
2.50670000e-05
2.50400000e-05
2.50140000e-05
2.49880000e-05
2.49610000e-05
2.49480000e-05
2.49220000e-05
2.48960000e-05
2.48690000e-05
2.48430000e-05
2.48170000e-05
2.47910000e-05
2.47650000e-05
2.47390000e-05
2.47130000e-05
2.46870000e-05
2.46620000e-05
2.46360000e-05
2.46230000e-05
2.45970000e-05
2.45720000e-05
2.45460000e-05
2.45200000e-05
2.44950000e-05
2.44690000e-05
2.44440000e-05
2.44190000e-05
2.43930000e-05
2.43680000e-05
2.43430000e-05
2.43180000e-05
2.43050000e-05
2.42800000e-05
2.42550000e-05
2.42300000e-05
2.42050000e-05
2.41800000e-05
2.41550000e-05
2.41300000e-05
2.41050000e-05
2.40800000e-05
2.40550000e-05
2.40310000e-05
2.40060000e-05
2.39940000e-05
2.39690000e-05
2.39440000e-05
2.39200000e-05
2.38950000e-05
2.38710000e-05
2.38470000e-05
2.38220000e-05
2.37980000e-05
2.37740000e-05
2.37490000e-05
2.37250000e-05
2.37010000e-05
2.36890000e-05
2.36650000e-05
2.36410000e-05
2.36170000e-05
2.35930000e-05
2.35690000e-05
2.35450000e-05
2.35210000e-05
2.34970000e-05
2.34730000e-05
2.34500000e-05
2.34260000e-05
2.34020000e-05
2.33900000e-05
2.33670000e-05
2.33430000e-05
2.33200000e-05
2.32960000e-05
2.32730000e-05
2.32490000e-05
2.32260000e-05
2.32030000e-05
2.31790000e-05
2.31560000e-05
2.31330000e-05
2.31100000e-05
2.30980000e-05
2.30750000e-05
2.30520000e-05
2.30290000e-05
2.30060000e-05
2.29830000e-05
2.29600000e-05
2.29370000e-05
2.29140000e-05
2.28910000e-05
2.28680000e-05
2.28460000e-05
2.28230000e-05
2.28120000e-05
2.27890000e-05
2.27660000e-05
2.27440000e-05
2.27210000e-05
2.26990000e-05
2.26710000e-05
2.26430000e-05
2.26150000e-05
2.25870000e-05
2.25590000e-05
2.25310000e-05
2.25030000e-05
2.24760000e-05
2.24480000e-05
2.24200000e-05
2.23930000e-05
2.23650000e-05
2.23380000e-05
2.23110000e-05
2.22830000e-05
2.22560000e-05
2.22290000e-05
2.22020000e-05
2.21750000e-05
2.21480000e-05
2.21210000e-05
2.20940000e-05
2.20670000e-05
2.20400000e-05
2.20130000e-05
2.19870000e-05
2.19600000e-05
2.19330000e-05
2.19070000e-05
2.18800000e-05
2.18540000e-05
2.18270000e-05
2.18010000e-05
2.17750000e-05
2.17490000e-05
2.17220000e-05
2.16960000e-05
2.16700000e-05
2.16440000e-05
2.16180000e-05
2.15920000e-05
2.15660000e-05
2.15410000e-05
2.15150000e-05
2.14890000e-05
2.14630000e-05
2.14380000e-05
2.14120000e-05
2.13870000e-05
2.13610000e-05
2.13360000e-05
2.13110000e-05
2.12850000e-05
2.12600000e-05
2.12350000e-05
2.12100000e-05
2.11850000e-05
2.11600000e-05
2.11350000e-05
2.11100000e-05
2.10850000e-05
2.10600000e-05
2.10350000e-05
2.10100000e-05
2.09860000e-05
2.09610000e-05
2.09360000e-05
2.09120000e-05
2.08870000e-05
2.08630000e-05
2.08380000e-05
2.08140000e-05
2.07900000e-05
2.07650000e-05
2.07410000e-05
2.07170000e-05
2.06930000e-05
2.06690000e-05
2.06450000e-05
2.06210000e-05
2.05970000e-05
2.05730000e-05
2.05490000e-05
2.05250000e-05
2.05020000e-05
2.04780000e-05
2.04540000e-05
2.04310000e-05
2.04070000e-05
2.03840000e-05
2.03600000e-05
2.03370000e-05
2.03130000e-05
2.02900000e-05
2.02670000e-05
2.02440000e-05
2.02200000e-05
2.01970000e-05
2.01740000e-05
2.01510000e-05
2.01280000e-05
2.01050000e-05
2.00820000e-05
2.00590000e-05
2.00360000e-05
2.00140000e-05
1.99910000e-05
1.99680000e-05
1.99460000e-05
1.99230000e-05
1.99000000e-05
1.98780000e-05
1.98550000e-05
1.98330000e-05
1.98110000e-05
1.97880000e-05
1.97660000e-05
1.97440000e-05
1.97210000e-05
1.96990000e-05
1.96770000e-05
1.96550000e-05
1.96330000e-05
1.96110000e-05
1.95890000e-05
1.95670000e-05
1.95450000e-05
1.95230000e-05
1.95010000e-05
1.94800000e-05
1.94580000e-05
1.94360000e-05
1.94150000e-05
1.93930000e-05
1.93710000e-05
1.93500000e-05
1.93280000e-05
1.93070000e-05
1.92850000e-05
1.92640000e-05
1.92430000e-05
1.92210000e-05
1.92000000e-05
1.91790000e-05
1.91580000e-05
1.91370000e-05
1.91160000e-05
1.90950000e-05
1.90740000e-05
1.90530000e-05
1.90320000e-05
1.90110000e-05
1.89900000e-05
1.89690000e-05
1.89480000e-05
1.89270000e-05
1.89070000e-05
1.88860000e-05
1.88650000e-05
1.88450000e-05
1.88240000e-05
1.88040000e-05
1.87830000e-05
1.87630000e-05
1.87420000e-05
1.87220000e-05
1.87020000e-05
1.86810000e-05
1.86610000e-05
1.86410000e-05
1.86210000e-05
1.86000000e-05
1.85800000e-05
1.85600000e-05
1.85400000e-05
1.85200000e-05
1.85000000e-05
1.84800000e-05
1.84600000e-05
1.84400000e-05
1.84200000e-05
1.84010000e-05
1.83810000e-05
1.83610000e-05
1.83410000e-05
1.83220000e-05
1.83020000e-05
1.82820000e-05
1.82630000e-05
1.82430000e-05
1.82240000e-05
1.82040000e-05
1.81850000e-05
1.81650000e-05
1.81460000e-05
1.81260000e-05
1.81070000e-05
1.80880000e-05
1.80690000e-05
1.80490000e-05
1.80300000e-05
1.80110000e-05
1.79920000e-05
1.79730000e-05
1.79540000e-05
1.79350000e-05
1.79160000e-05
1.78970000e-05
1.78780000e-05
1.78590000e-05
1.78400000e-05
1.78210000e-05
1.78020000e-05
1.77830000e-05
1.77640000e-05
1.77460000e-05
1.77270000e-05
1.77080000e-05
1.76900000e-05
1.76710000e-05
1.76520000e-05
1.76340000e-05
1.76150000e-05
1.75970000e-05
1.75780000e-05
1.75600000e-05
1.75420000e-05
1.75230000e-05
1.75050000e-05
1.74860000e-05
1.74680000e-05
1.74500000e-05
1.74320000e-05
1.74130000e-05
1.73950000e-05
1.73770000e-05
1.73590000e-05
1.73410000e-05
1.73230000e-05
1.73050000e-05
1.72870000e-05
1.72690000e-05
1.72510000e-05
1.72330000e-05
1.72150000e-05
1.71970000e-05
