1.45180000e+02
1.57300000e+02
1.62540000e+02
1.66010000e+02
1.68210000e+02
1.69390000e+02
1.69910000e+02
1.69760000e+02
1.68950000e+02
1.67600000e+02
1.65950000e+02
1.64140000e+02
1.62050000e+02
1.59740000e+02
1.57160000e+02
1.54300000e+02
1.51920000e+02
1.49920000e+02
1.47920000e+02
1.45960000e+02
1.43790000e+02
1.41520000e+02
1.39130000e+02
1.36730000e+02
1.34500000e+02
1.32110000e+02
1.29640000e+02
1.27330000e+02
1.25090000e+02
1.22820000e+02
1.20660000e+02
1.18700000e+02
1.16770000e+02
1.14910000e+02
1.13120000e+02
1.11450000e+02
1.09830000e+02
1.08440000e+02
1.07090000e+02
1.05750000e+02
1.04500000e+02
1.03430000e+02
1.02470000e+02
1.01520000e+02
1.00600000e+02
9.96680000e+01
9.88180000e+01
9.79770000e+01
9.71720000e+01
9.64100000e+01
9.57220000e+01
9.50630000e+01
9.44530000e+01
9.43390000e+01
9.42240000e+01
9.41070000e+01
9.39890000e+01
9.38710000e+01
9.37530000e+01
9.36370000e+01
9.35230000e+01
9.34120000e+01
9.33010000e+01
9.31920000e+01
9.30860000e+01
9.29830000e+01
9.28830000e+01
9.27840000e+01
9.26880000e+01
9.25920000e+01
9.24920000e+01
9.23950000e+01
9.23020000e+01
9.22120000e+01
9.21210000e+01
9.20290000e+01
9.19340000e+01
9.18390000e+01
9.17450000e+01
9.16560000e+01
9.15700000e+01
9.14880000e+01
9.14070000e+01
9.13280000e+01
9.12500000e+01
9.11710000e+01
9.10930000e+01
9.10130000e+01
9.09320000e+01
9.08490000e+01
9.07670000e+01
9.06850000e+01
9.06030000e+01
9.05220000e+01
9.04430000e+01
9.03660000e+01
9.02890000e+01
9.02110000e+01
9.01320000e+01
9.00520000e+01
8.99730000e+01
8.98920000e+01
8.98110000e+01
8.97310000e+01
8.96510000e+01
8.95720000e+01
8.94950000e+01
8.94210000e+01
8.93510000e+01
8.92820000e+01
8.92120000e+01
8.91430000e+01
8.90730000e+01
8.90040000e+01
8.89370000e+01
8.88710000e+01
8.88050000e+01
8.87370000e+01
8.86660000e+01
8.85960000e+01
8.85270000e+01
8.84590000e+01
8.83910000e+01
8.83240000e+01
8.82560000e+01
8.81900000e+01
8.81250000e+01
8.80600000e+01
8.79970000e+01
8.79380000e+01
8.78800000e+01
8.78230000e+01
8.77630000e+01
8.77020000e+01
8.76380000e+01
8.75730000e+01
8.75080000e+01
8.74440000e+01
8.73800000e+01
8.73170000e+01
8.72560000e+01
8.71960000e+01
8.71380000e+01
8.70810000e+01
8.70240000e+01
8.69670000e+01
8.69100000e+01
8.68530000e+01
8.67940000e+01
8.67350000e+01
8.66750000e+01
8.66150000e+01
8.65540000e+01
8.64920000e+01
8.64310000e+01
8.63710000e+01
8.63110000e+01
8.62520000e+01
8.61930000e+01
8.61340000e+01
8.60750000e+01
8.60160000e+01
8.59570000e+01
8.58980000e+01
8.58400000e+01
8.57830000e+01
8.57260000e+01
8.56680000e+01
8.56100000e+01
8.55520000e+01
8.54950000e+01
8.54370000e+01
8.53800000e+01
8.53240000e+01
8.52660000e+01
8.52110000e+01
8.51550000e+01
8.50990000e+01
8.50430000e+01
8.49860000e+01
8.49290000e+01
8.48710000e+01
8.48130000e+01
8.47560000e+01
8.47000000e+01
8.46450000e+01
8.45920000e+01
8.45390000e+01
8.44860000e+01
8.44330000e+01
8.43790000e+01
8.43250000e+01
8.42700000e+01
8.42650000e+01
8.42600000e+01
8.42540000e+01
8.42490000e+01
8.42430000e+01
8.42380000e+01
8.42330000e+01
8.42270000e+01
8.42220000e+01
8.42160000e+01
8.42110000e+01
8.42060000e+01
8.42000000e+01
8.41950000e+01
8.41890000e+01
8.41840000e+01
8.41780000e+01
8.41730000e+01
8.41670000e+01
8.41620000e+01
8.41560000e+01
8.41510000e+01
8.41450000e+01
8.41400000e+01
8.41340000e+01
8.41290000e+01
8.41230000e+01
8.41180000e+01
8.41120000e+01
8.41070000e+01
8.41010000e+01
8.40960000e+01
8.40900000e+01
8.40850000e+01
8.40800000e+01
8.40740000e+01
8.40690000e+01
8.40630000e+01
8.40580000e+01
8.40530000e+01
8.40470000e+01
8.40420000e+01
8.40360000e+01
8.40310000e+01
8.40260000e+01
8.40200000e+01
8.40150000e+01
8.40100000e+01
8.40040000e+01
8.39990000e+01
8.39940000e+01
8.39880000e+01
8.39830000e+01
8.39770000e+01
8.39720000e+01
8.39670000e+01
8.39610000e+01
8.39560000e+01
8.39500000e+01
8.39450000e+01
8.39400000e+01
8.39340000e+01
8.39290000e+01
8.39230000e+01
8.39180000e+01
8.39120000e+01
8.39070000e+01
8.39020000e+01
8.38960000e+01
8.38910000e+01
8.38860000e+01
8.38800000e+01
8.38750000e+01
8.38690000e+01
8.38640000e+01
8.38590000e+01
8.38530000e+01
8.38480000e+01
8.38420000e+01
8.38370000e+01
8.38320000e+01
8.38260000e+01
8.38210000e+01
8.38160000e+01
8.38100000e+01
8.38050000e+01
8.38000000e+01
8.37940000e+01
8.37890000e+01
8.37840000e+01
8.37790000e+01
8.37730000e+01
8.37680000e+01
8.37630000e+01
8.37570000e+01
8.37520000e+01
8.37470000e+01
8.37410000e+01
8.37360000e+01
8.37310000e+01
8.38710000e+01
8.32440000e+01
8.28840000e+01
8.25940000e+01
8.23520000e+01
8.21500000e+01
8.19890000e+01
8.18370000e+01
8.16580000e+01
8.14950000e+01
8.13380000e+01
8.11730000e+01
8.09960000e+01
8.08130000e+01
8.06270000e+01
8.04400000e+01
8.02530000e+01
8.00650000e+01
7.98760000e+01
7.96880000e+01
7.94970000e+01
7.93030000e+01
7.91090000e+01
7.89140000e+01
7.87220000e+01
7.85330000e+01
7.83330000e+01
7.81480000e+01
7.79760000e+01
7.77880000e+01
7.75940000e+01
7.74110000e+01
7.72340000e+01
7.70560000e+01
7.68730000e+01
7.66890000e+01
7.65010000e+01
7.63200000e+01
7.61360000e+01
7.59510000e+01
7.57650000e+01
7.55950000e+01
7.54210000e+01
7.52460000e+01
7.50760000e+01
7.49110000e+01
7.47470000e+01
7.45890000e+01
7.44290000e+01
7.42660000e+01
7.41060000e+01
7.39560000e+01
7.38160000e+01
7.36800000e+01
7.35370000e+01
7.33810000e+01
7.32220000e+01
7.30680000e+01
7.29260000e+01
7.27810000e+01
7.26350000e+01
7.24900000e+01
7.23410000e+01
7.21920000e+01
7.20470000e+01
7.19100000e+01
7.17720000e+01
7.16320000e+01
7.14980000e+01
7.13680000e+01
7.12400000e+01
7.11130000e+01
7.09860000e+01
7.08600000e+01
7.07360000e+01
7.06170000e+01
7.04960000e+01
7.03740000e+01
7.02530000e+01
7.01320000e+01
7.00150000e+01
6.98950000e+01
6.97730000e+01
6.96480000e+01
6.95260000e+01
6.95060000e+01
6.89580000e+01
6.86250000e+01
6.83740000e+01
6.81690000e+01
6.79820000e+01
6.78010000e+01
6.76330000e+01
6.74700000e+01
6.73120000e+01
6.71630000e+01
6.70090000e+01
6.68570000e+01
6.67060000e+01
6.65500000e+01
6.63990000e+01
6.62520000e+01
6.61110000e+01
6.59750000e+01
6.58410000e+01
6.57080000e+01
6.55710000e+01
6.54320000e+01
6.52880000e+01
6.51400000e+01
6.49900000e+01
6.48370000e+01
6.46790000e+01
6.45200000e+01
6.43580000e+01
6.41940000e+01
6.40310000e+01
6.38730000e+01
6.37170000e+01
6.35610000e+01
6.34060000e+01
6.32510000e+01
6.30960000e+01
6.29370000e+01
6.27720000e+01
6.26090000e+01
6.24500000e+01
6.22980000e+01
6.21520000e+01
6.20110000e+01
6.18730000e+01
6.17340000e+01
6.15900000e+01
6.14530000e+01
6.13180000e+01
6.11870000e+01
6.10540000e+01
6.09150000e+01
6.07680000e+01
6.06290000e+01
6.04930000e+01
6.03600000e+01
6.02300000e+01
6.01020000e+01
5.99800000e+01
6.03840000e+01
5.99300000e+01
5.96310000e+01
5.94140000e+01
5.92340000e+01
5.90750000e+01
5.89320000e+01
5.88010000e+01
5.86760000e+01
5.85630000e+01
5.84580000e+01
5.83590000e+01
5.82620000e+01
5.81610000e+01
5.80620000e+01
5.79620000e+01
5.78660000e+01
5.77690000e+01
5.76740000e+01
5.75780000e+01
5.74750000e+01
5.73690000e+01
5.72650000e+01
5.71610000e+01
5.70570000e+01
5.69510000e+01
5.68430000e+01
5.67310000e+01
5.66140000e+01
5.65020000e+01
5.63940000e+01
5.62870000e+01
5.61810000e+01
5.60750000e+01
5.59700000e+01
5.58680000e+01
5.57650000e+01
5.56610000e+01
5.55610000e+01
5.54650000e+01
5.53730000e+01
5.52830000e+01
5.51920000e+01
5.51010000e+01
5.50070000e+01
5.49130000e+01
5.48170000e+01
5.47220000e+01
5.46280000e+01
5.45340000e+01
5.44400000e+01
5.43460000e+01
5.42520000e+01
5.41580000e+01
5.40660000e+01
5.39780000e+01
5.38930000e+01
5.38120000e+01
5.37310000e+01
5.36500000e+01
5.35680000e+01
5.34870000e+01
5.34050000e+01
5.33210000e+01
5.32350000e+01
5.31460000e+01
5.30570000e+01
5.29710000e+01
5.28880000e+01
5.28090000e+01
5.27330000e+01
5.26580000e+01
5.25850000e+01
5.25150000e+01
5.24470000e+01
5.23810000e+01
5.23150000e+01
5.22480000e+01
5.21780000e+01
5.21070000e+01
5.20350000e+01
5.19630000e+01
5.18900000e+01
5.18160000e+01
5.17410000e+01
5.16650000e+01
5.15870000e+01
5.15100000e+01
5.14350000e+01
5.13650000e+01
5.12990000e+01
5.12360000e+01
5.11750000e+01
5.11150000e+01
5.10550000e+01
5.09950000e+01
5.09350000e+01
5.08760000e+01
5.08190000e+01
5.07620000e+01
5.10930000e+01
5.05640000e+01
5.02920000e+01
5.00900000e+01
4.99180000e+01
4.97640000e+01
4.96250000e+01
4.94910000e+01
4.93600000e+01
4.92260000e+01
4.90840000e+01
4.89400000e+01
4.87970000e+01
4.86470000e+01
4.84910000e+01
4.83350000e+01
4.81900000e+01
4.80580000e+01
4.79360000e+01
4.78230000e+01
4.77190000e+01
4.76170000e+01
4.75140000e+01
4.74080000e+01
4.73000000e+01
4.71890000e+01
4.70760000e+01
4.69580000e+01
4.68350000e+01
4.67100000e+01
4.65880000e+01
4.64700000e+01
4.63580000e+01
4.62500000e+01
4.61480000e+01
4.60510000e+01
4.59600000e+01
4.58750000e+01
4.57940000e+01
4.57140000e+01
4.56330000e+01
4.55510000e+01
4.54670000e+01
4.53830000e+01
4.52960000e+01
4.52050000e+01
4.51130000e+01
4.50210000e+01
4.49320000e+01
4.48490000e+01
4.47690000e+01
4.46920000e+01
4.46180000e+01
4.45460000e+01
4.44740000e+01
4.44050000e+01
4.43370000e+01
4.42720000e+01
4.42100000e+01
4.41520000e+01
4.40970000e+01
4.40440000e+01
4.39930000e+01
4.39420000e+01
4.38920000e+01
4.38420000e+01
4.37940000e+01
4.37470000e+01
4.37010000e+01
4.36560000e+01
4.36100000e+01
4.35650000e+01
4.35200000e+01
4.34770000e+01
4.34350000e+01
4.33950000e+01
4.33560000e+01
4.33170000e+01
4.32770000e+01
4.32360000e+01
4.31950000e+01
4.31540000e+01
4.31130000e+01
4.30740000e+01
4.30370000e+01
4.30010000e+01
4.29690000e+01
4.29390000e+01
4.29130000e+01
4.28890000e+01
4.28670000e+01
4.28460000e+01
4.28270000e+01
4.28090000e+01
4.27900000e+01
4.27710000e+01
4.27520000e+01
4.27300000e+01
4.27070000e+01
4.26810000e+01
4.26530000e+01
4.26230000e+01
4.25920000e+01
4.25590000e+01
4.25260000e+01
4.24920000e+01
4.24580000e+01
4.24230000e+01
4.23880000e+01
4.23530000e+01
4.23180000e+01
4.22820000e+01
4.22470000e+01
4.22110000e+01
4.21740000e+01
4.21370000e+01
4.20990000e+01
4.20590000e+01
4.20190000e+01
4.19790000e+01
4.19390000e+01
4.18990000e+01
4.18600000e+01
4.18200000e+01
4.17810000e+01
4.17420000e+01
4.17040000e+01
4.16650000e+01
4.16270000e+01
4.16200000e+01
4.15890000e+01
4.15510000e+01
4.15120000e+01
4.14730000e+01
4.14330000e+01
4.13930000e+01
4.13510000e+01
4.13090000e+01
4.12670000e+01
4.12240000e+01
4.11810000e+01
4.11380000e+01
4.10960000e+01
4.10540000e+01
4.10140000e+01
4.09760000e+01
4.09390000e+01
4.09040000e+01
4.08720000e+01
4.08410000e+01
4.08120000e+01
4.07850000e+01
4.07600000e+01
4.07370000e+01
4.07160000e+01
4.06960000e+01
4.06780000e+01
4.06620000e+01
4.06470000e+01
4.06330000e+01
4.06200000e+01
4.06080000e+01
4.05970000e+01
4.05860000e+01
4.05760000e+01
4.05660000e+01
4.05570000e+01
4.05480000e+01
4.05400000e+01
4.05320000e+01
4.05250000e+01
4.05180000e+01
4.05110000e+01
4.05050000e+01
4.04990000e+01
4.04930000e+01
4.04860000e+01
4.04780000e+01
4.04700000e+01
4.04610000e+01
4.04510000e+01
4.04400000e+01
4.04270000e+01
4.04150000e+01
4.04010000e+01
4.03860000e+01
4.03700000e+01
4.03540000e+01
4.03360000e+01
4.03180000e+01
4.02980000e+01
4.02780000e+01
4.02560000e+01
4.02340000e+01
4.02100000e+01
4.01860000e+01
4.01610000e+01
4.01360000e+01
4.01100000e+01
4.00830000e+01
4.00570000e+01
4.00300000e+01
4.00030000e+01
3.99770000e+01
3.99500000e+01
3.99240000e+01
3.98980000e+01
3.98720000e+01
3.98470000e+01
3.98220000e+01
3.97970000e+01
3.97730000e+01
3.97500000e+01
3.97270000e+01
3.97040000e+01
3.96820000e+01
3.96600000e+01
3.96390000e+01
3.96180000e+01
3.95980000e+01
3.95770000e+01
3.95580000e+01
3.95380000e+01
3.95190000e+01
3.95000000e+01
3.94810000e+01
3.94620000e+01
3.94440000e+01
3.94250000e+01
3.94070000e+01
3.93880000e+01
3.93700000e+01
3.93510000e+01
3.93330000e+01
3.93150000e+01
3.92970000e+01
3.92790000e+01
3.92620000e+01
3.92440000e+01
3.92270000e+01
3.92110000e+01
3.91940000e+01
3.91780000e+01
3.91620000e+01
3.91470000e+01
3.91310000e+01
3.91170000e+01
3.91020000e+01
3.90880000e+01
3.90730000e+01
3.90590000e+01
3.90460000e+01
3.90320000e+01
3.90180000e+01
3.90050000e+01
3.89920000e+01
3.89780000e+01
3.89650000e+01
3.89520000e+01
3.89390000e+01
3.89260000e+01
3.89120000e+01
3.88990000e+01
3.88850000e+01
3.88720000e+01
3.88580000e+01
3.88440000e+01
3.88290000e+01
3.88150000e+01
3.88000000e+01
3.87850000e+01
3.87700000e+01
3.87540000e+01
3.87380000e+01
3.87220000e+01
3.87050000e+01
3.86880000e+01
3.86710000e+01
3.86540000e+01
3.86360000e+01
3.86180000e+01
3.85990000e+01
3.85810000e+01
3.85620000e+01
3.85440000e+01
3.85250000e+01
3.85060000e+01
3.84870000e+01
3.84680000e+01
3.84490000e+01
3.84300000e+01
3.84110000e+01
3.83920000e+01
3.83740000e+01
3.83560000e+01
3.83380000e+01
3.83200000e+01
3.83030000e+01
3.82850000e+01
3.82690000e+01
3.82520000e+01
3.82360000e+01
3.82200000e+01
3.82050000e+01
3.81900000e+01
3.81750000e+01
3.81610000e+01
3.81470000e+01
3.81330000e+01
3.81200000e+01
3.81060000e+01
3.80940000e+01
3.80810000e+01
3.80690000e+01
3.80570000e+01
3.80450000e+01
3.80330000e+01
3.80210000e+01
3.80100000e+01
3.79990000e+01
3.79870000e+01
3.79760000e+01
3.79650000e+01
3.79530000e+01
3.79420000e+01
3.79310000e+01
3.79190000e+01
3.79080000e+01
3.78960000e+01
3.78840000e+01
3.78720000e+01
3.78600000e+01
3.78480000e+01
3.78350000e+01
3.78230000e+01
3.78100000e+01
3.77970000e+01
3.77840000e+01
3.77710000e+01
3.77580000e+01
3.77450000e+01
3.77310000e+01
3.77170000e+01
3.77030000e+01
3.76890000e+01
3.76750000e+01
3.76610000e+01
3.76460000e+01
3.76320000e+01
3.76170000e+01
3.76020000e+01
3.75870000e+01
3.75720000e+01
3.75570000e+01
3.75420000e+01
3.75260000e+01
3.75110000e+01
3.74950000e+01
3.74790000e+01
3.74630000e+01
3.74470000e+01
3.74310000e+01
3.74150000e+01
3.73980000e+01
3.73810000e+01
3.73640000e+01
3.73470000e+01
3.73300000e+01
3.73130000e+01
3.72950000e+01
3.72780000e+01
3.72600000e+01
3.72420000e+01
3.72240000e+01
3.72060000e+01
3.71870000e+01
3.71690000e+01
3.71510000e+01
3.71320000e+01
3.71130000e+01
3.70940000e+01
3.70760000e+01
3.70570000e+01
3.70380000e+01
3.70190000e+01
3.70000000e+01
3.69810000e+01
3.69630000e+01
3.69440000e+01
3.69250000e+01
3.69060000e+01
3.68880000e+01
3.68690000e+01
3.68510000e+01
3.68330000e+01
3.68140000e+01
3.67960000e+01
3.67780000e+01
3.67600000e+01
3.67410000e+01
3.67230000e+01
3.67050000e+01
3.66870000e+01
3.66690000e+01
3.66510000e+01
3.66330000e+01
3.66150000e+01
3.65970000e+01
3.65790000e+01
3.65610000e+01
3.65420000e+01
3.65240000e+01
3.65060000e+01
3.64870000e+01
3.64690000e+01
3.64500000e+01
3.64320000e+01
3.64130000e+01
3.63940000e+01
3.63750000e+01
3.63680000e+01
3.63600000e+01
3.63530000e+01
3.63450000e+01
3.63380000e+01
3.63300000e+01
3.63230000e+01
3.63150000e+01
3.63080000e+01
3.63000000e+01
3.62930000e+01
3.62850000e+01
3.62820000e+01
3.62740000e+01
3.62670000e+01
3.62590000e+01
3.62520000e+01
3.62440000e+01
3.62370000e+01
3.62300000e+01
3.62220000e+01
3.62150000e+01
3.62070000e+01
3.62000000e+01
3.61930000e+01
3.61890000e+01
3.61820000e+01
3.61750000e+01
3.61670000e+01
3.61600000e+01
3.61530000e+01
3.61460000e+01
3.61390000e+01
3.61320000e+01
3.61250000e+01
3.61180000e+01
3.61110000e+01
3.61040000e+01
3.61000000e+01
3.60930000e+01
3.60860000e+01
3.60800000e+01
3.60730000e+01
3.60660000e+01
3.60590000e+01
3.60530000e+01
3.60460000e+01
3.60400000e+01
3.60330000e+01
3.60270000e+01
3.60200000e+01
3.60170000e+01
3.60110000e+01
3.60040000e+01
3.59980000e+01
3.59920000e+01
3.59850000e+01
3.59790000e+01
3.59730000e+01
3.59670000e+01
3.59610000e+01
3.59550000e+01
3.59490000e+01
3.59430000e+01
3.59400000e+01
3.59340000e+01
3.59280000e+01
3.59230000e+01
3.59170000e+01
3.59110000e+01
3.59050000e+01
3.59000000e+01
3.58940000e+01
3.58890000e+01
3.58830000e+01
3.58780000e+01
3.58720000e+01
3.58690000e+01
3.58640000e+01
3.58590000e+01
3.58530000e+01
3.58480000e+01
3.58430000e+01
3.58370000e+01
3.58320000e+01
3.58270000e+01
3.58220000e+01
3.58170000e+01
3.58110000e+01
3.58060000e+01
3.58040000e+01
3.57990000e+01
3.57940000e+01
3.57890000e+01
3.57840000e+01
3.57790000e+01
3.57740000e+01
3.57690000e+01
3.57640000e+01
3.57590000e+01
3.57540000e+01
3.57490000e+01
3.57440000e+01
3.57410000e+01
3.57370000e+01
3.57320000e+01
3.57270000e+01
3.57220000e+01
3.57170000e+01
3.57120000e+01
3.57070000e+01
3.57030000e+01
3.56980000e+01
3.56930000e+01
3.56880000e+01
3.56830000e+01
3.56810000e+01
3.56760000e+01
3.56710000e+01
3.56660000e+01
3.56610000e+01
3.56570000e+01
3.56520000e+01
3.56470000e+01
3.56420000e+01
3.56370000e+01
3.56320000e+01
3.56270000e+01
3.56220000e+01
3.56200000e+01
3.56150000e+01
3.56100000e+01
3.56050000e+01
3.56000000e+01
3.55950000e+01
3.55900000e+01
3.55850000e+01
3.55800000e+01
3.55750000e+01
3.55700000e+01
3.55640000e+01
3.55590000e+01
3.55570000e+01
3.55510000e+01
3.55460000e+01
3.55410000e+01
3.55350000e+01
3.55300000e+01
3.55250000e+01
3.55190000e+01
3.55140000e+01
3.55080000e+01
3.55030000e+01
3.54970000e+01
3.54910000e+01
3.54890000e+01
3.54830000e+01
3.54770000e+01
3.54710000e+01
3.54660000e+01
3.54600000e+01
3.54540000e+01
3.54480000e+01
3.54420000e+01
3.54360000e+01
3.54300000e+01
3.54230000e+01
3.54170000e+01
3.54140000e+01
3.54080000e+01
3.54010000e+01
3.53950000e+01
3.53890000e+01
3.53820000e+01
3.53760000e+01
3.53690000e+01
3.53620000e+01
3.53560000e+01
3.53490000e+01
3.53420000e+01
3.53360000e+01
3.53320000e+01
3.53250000e+01
3.53180000e+01
3.53110000e+01
3.53040000e+01
3.52970000e+01
3.52900000e+01
3.52830000e+01
3.52760000e+01
3.52690000e+01
3.52620000e+01
3.52540000e+01
3.52470000e+01
3.52430000e+01
3.52360000e+01
3.52290000e+01
3.52210000e+01
3.52140000e+01
3.52060000e+01
3.51970000e+01
3.51870000e+01
3.51780000e+01
3.51680000e+01
3.51590000e+01
3.51490000e+01
3.51400000e+01
3.51300000e+01
3.51200000e+01
3.51110000e+01
3.51010000e+01
3.50910000e+01
3.50820000e+01
3.50720000e+01
3.50620000e+01
3.50520000e+01
3.50420000e+01
3.50330000e+01
3.50230000e+01
3.50130000e+01
3.50030000e+01
3.49930000e+01
3.49840000e+01
3.49740000e+01
3.49640000e+01
3.49540000e+01
3.49440000e+01
3.49350000e+01
3.49250000e+01
3.49150000e+01
3.49060000e+01
3.48960000e+01
3.48860000e+01
3.48760000e+01
3.48670000e+01
3.48570000e+01
3.48480000e+01
3.48380000e+01
3.48290000e+01
3.48190000e+01
3.48100000e+01
3.48000000e+01
3.47910000e+01
3.47810000e+01
3.47720000e+01
3.47630000e+01
3.47530000e+01
3.47440000e+01
3.47350000e+01
3.47250000e+01
3.47160000e+01
3.47070000e+01
3.46980000e+01
3.46890000e+01
3.46800000e+01
3.46710000e+01
3.46620000e+01
3.46530000e+01
3.46440000e+01
3.46350000e+01
3.46260000e+01
3.46170000e+01
3.46080000e+01
3.46000000e+01
3.45910000e+01
3.45820000e+01
3.45730000e+01
3.45650000e+01
3.45560000e+01
3.45470000e+01
3.45390000e+01
3.45300000e+01
3.45220000e+01
3.45130000e+01
3.45040000e+01
3.44960000e+01
3.44870000e+01
3.44790000e+01
3.44710000e+01
3.44620000e+01
3.44540000e+01
3.44450000e+01
3.44370000e+01
3.44280000e+01
3.44200000e+01
3.44120000e+01
3.44030000e+01
3.43950000e+01
3.43870000e+01
3.43780000e+01
3.43700000e+01
3.43620000e+01
3.43540000e+01
3.43450000e+01
3.43370000e+01
3.43290000e+01
3.43200000e+01
3.43120000e+01
3.43040000e+01
3.42950000e+01
3.42870000e+01
3.42790000e+01
3.42710000e+01
3.42620000e+01
3.42540000e+01
3.42460000e+01
3.42370000e+01
3.42290000e+01
3.42200000e+01
3.42120000e+01
3.42040000e+01
3.41950000e+01
3.41870000e+01
3.41780000e+01
3.41700000e+01
3.41610000e+01
3.41530000e+01
3.41440000e+01
3.41360000e+01
3.41270000e+01
3.41180000e+01
3.41100000e+01
3.41010000e+01
3.40920000e+01
3.40830000e+01
3.40750000e+01
3.40660000e+01
3.40570000e+01
3.40480000e+01
3.40390000e+01
3.40300000e+01
3.40210000e+01
3.40120000e+01
3.40030000e+01
3.39940000e+01
3.39850000e+01
3.39760000e+01
3.39670000e+01
3.39580000e+01
3.39480000e+01
3.39390000e+01
3.39300000e+01
3.39200000e+01
3.39110000e+01
3.39020000e+01
3.38920000e+01
3.38830000e+01
3.38730000e+01
3.38630000e+01
3.38540000e+01
3.38440000e+01
3.38340000e+01
3.38250000e+01
3.38150000e+01
3.38050000e+01
3.37950000e+01
3.37850000e+01
3.37760000e+01
3.37660000e+01
3.37560000e+01
3.37460000e+01
3.37360000e+01
3.37260000e+01
3.37150000e+01
3.37050000e+01
3.36950000e+01
3.36850000e+01
3.36750000e+01
3.36650000e+01
3.36540000e+01
3.36440000e+01
3.36340000e+01
3.36230000e+01
3.36130000e+01
3.36030000e+01
3.35920000e+01
3.35820000e+01
3.35710000e+01
3.35610000e+01
3.35500000e+01
3.35400000e+01
3.35290000e+01
3.35190000e+01
3.35080000e+01
3.34980000e+01
3.34870000e+01
3.34770000e+01
3.34660000e+01
3.34560000e+01
3.34450000e+01
3.34350000e+01
3.34240000e+01
3.34140000e+01
3.34030000e+01
3.33920000e+01
3.33820000e+01
3.33710000e+01
3.33610000e+01
3.33500000e+01
3.33400000e+01
3.33290000e+01
3.33180000e+01
3.33080000e+01
3.32970000e+01
3.32870000e+01
3.32760000e+01
3.32660000e+01
3.32550000e+01
3.32450000e+01
3.32350000e+01
3.32240000e+01
3.32140000e+01
3.32030000e+01
3.31930000e+01
3.31830000e+01
3.31720000e+01
3.31620000e+01
3.31520000e+01
3.31410000e+01
3.31310000e+01
3.31210000e+01
3.31110000e+01
3.31010000e+01
3.30900000e+01
3.30800000e+01
3.30700000e+01
3.30600000e+01
3.30500000e+01
3.30400000e+01
3.30300000e+01
3.30200000e+01
3.30100000e+01
3.30010000e+01
3.29910000e+01
3.29810000e+01
3.29710000e+01
3.29620000e+01
3.29520000e+01
3.29420000e+01
3.29330000e+01
3.29230000e+01
3.29140000e+01
3.29040000e+01
3.28950000e+01
3.28850000e+01
3.28760000e+01
