0.00000000e+00
3.68457000e-03
8.84905000e-03
1.50139000e-02
2.04454000e-02
2.52288000e-02
3.04965000e-02
3.56376000e-02
4.14278000e-02
4.72935000e-02
5.28158000e-02
5.79981000e-02
6.33366000e-02
6.88272000e-02
7.46113000e-02
8.08503000e-02
8.59812000e-02
9.02662000e-02
9.45499000e-02
9.87592000e-02
1.03475000e-01
1.08494000e-01
1.13889000e-01
1.19456000e-01
1.24801000e-01
1.30711000e-01
1.37065000e-01
1.43320000e-01
1.49682000e-01
1.56468000e-01
1.63370000e-01
1.70014000e-01
1.76928000e-01
1.84075000e-01
1.91456000e-01
1.98800000e-01
2.06487000e-01
2.13605000e-01
2.21010000e-01
2.28884000e-01
2.36885000e-01
2.44242000e-01
2.51379000e-01
2.58853000e-01
2.66638000e-01
2.75151000e-01
2.83559000e-01
2.92496000e-01
3.01776000e-01
3.11274000e-01
3.20581000e-01
3.30184000e-01
3.39773000e-01
3.41652000e-01
3.43552000e-01
3.45517000e-01
3.47532000e-01
3.49564000e-01
3.51618000e-01
3.53689000e-01
3.55746000e-01
3.57787000e-01
3.59850000e-01
3.61919000e-01
3.63949000e-01
3.65943000e-01
3.67922000e-01
3.69891000e-01
3.71833000e-01
3.73802000e-01
3.75852000e-01
3.77896000e-01
3.79873000e-01
3.81823000e-01
3.83795000e-01
3.85815000e-01
3.87922000e-01
3.90055000e-01
3.92198000e-01
3.94276000e-01
3.96289000e-01
3.98264000e-01
4.00212000e-01
4.02138000e-01
4.04064000e-01
4.06003000e-01
4.07968000e-01
4.09975000e-01
4.12031000e-01
4.14142000e-01
4.16269000e-01
4.18406000e-01
4.20578000e-01
4.22771000e-01
4.24911000e-01
4.27041000e-01
4.29197000e-01
4.31405000e-01
4.33636000e-01
4.35930000e-01
4.38232000e-01
4.40590000e-01
4.42981000e-01
4.45372000e-01
4.47793000e-01
4.50202000e-01
4.52580000e-01
4.54907000e-01
4.57148000e-01
4.59349000e-01
4.61591000e-01
4.63834000e-01
4.66121000e-01
4.68394000e-01
4.70635000e-01
4.72858000e-01
4.75098000e-01
4.77405000e-01
4.79804000e-01
4.82222000e-01
4.84637000e-01
4.87040000e-01
4.89439000e-01
4.91861000e-01
4.94311000e-01
4.96736000e-01
4.99137000e-01
5.01559000e-01
5.03917000e-01
5.06178000e-01
5.08399000e-01
5.10637000e-01
5.12934000e-01
5.15316000e-01
5.17830000e-01
5.20385000e-01
5.22950000e-01
5.25530000e-01
5.28100000e-01
5.30676000e-01
5.33208000e-01
5.35690000e-01
5.38129000e-01
5.40550000e-01
5.42968000e-01
5.45395000e-01
5.47848000e-01
5.50335000e-01
5.52865000e-01
5.55442000e-01
5.58067000e-01
5.60734000e-01
5.63432000e-01
5.66178000e-01
5.68927000e-01
5.71659000e-01
5.74381000e-01
5.77098000e-01
5.79817000e-01
5.82545000e-01
5.85296000e-01
5.88080000e-01
5.90881000e-01
5.93687000e-01
5.96460000e-01
5.99218000e-01
6.02001000e-01
6.04823000e-01
6.07661000e-01
6.10511000e-01
6.13382000e-01
6.16252000e-01
6.19097000e-01
6.21960000e-01
6.24865000e-01
6.27723000e-01
6.30566000e-01
6.33445000e-01
6.36363000e-01
6.39349000e-01
6.42335000e-01
6.45360000e-01
6.48429000e-01
6.51496000e-01
6.54509000e-01
6.57455000e-01
6.60354000e-01
6.63231000e-01
6.66104000e-01
6.69007000e-01
6.71971000e-01
6.74990000e-01
6.77999000e-01
6.78300000e-01
6.78602000e-01
6.78904000e-01
6.79207000e-01
6.79508000e-01
6.79810000e-01
6.80114000e-01
6.80417000e-01
6.80720000e-01
6.81023000e-01
6.81328000e-01
6.81635000e-01
6.81941000e-01
6.82247000e-01
6.82553000e-01
6.82861000e-01
6.83170000e-01
6.83478000e-01
6.83787000e-01
6.84099000e-01
6.84411000e-01
6.84722000e-01
6.85035000e-01
6.85347000e-01
6.85659000e-01
6.85972000e-01
6.86284000e-01
6.86596000e-01
6.86908000e-01
6.87219000e-01
6.87529000e-01
6.87837000e-01
6.88145000e-01
6.88456000e-01
6.88767000e-01
6.89077000e-01
6.89384000e-01
6.89690000e-01
6.89995000e-01
6.90302000e-01
6.90610000e-01
6.90918000e-01
6.91225000e-01
6.91532000e-01
6.91838000e-01
6.92144000e-01
6.92451000e-01
6.92759000e-01
6.93069000e-01
6.93378000e-01
6.93687000e-01
6.93995000e-01
6.94306000e-01
6.94616000e-01
6.94927000e-01
6.95236000e-01
6.95545000e-01
6.95855000e-01
6.96166000e-01
6.96479000e-01
6.96791000e-01
6.97103000e-01
6.97414000e-01
6.97726000e-01
6.98039000e-01
6.98351000e-01
6.98661000e-01
6.98971000e-01
6.99281000e-01
6.99591000e-01
6.99903000e-01
7.00217000e-01
7.00531000e-01
7.00843000e-01
7.01155000e-01
7.01465000e-01
7.01775000e-01
7.02086000e-01
7.02397000e-01
7.02708000e-01
7.03018000e-01
7.03327000e-01
7.03636000e-01
7.03946000e-01
7.04257000e-01
7.04569000e-01
7.04881000e-01
7.05191000e-01
7.05500000e-01
7.05809000e-01
7.06118000e-01
7.06429000e-01
7.06740000e-01
7.07051000e-01
7.07362000e-01
7.07675000e-01
7.07987000e-01
7.08299000e-01
7.08612000e-01
7.08925000e-01
7.21800000e-01
7.35060000e-01
7.47946000e-01
7.61893000e-01
7.76310000e-01
7.90427000e-01
8.02950000e-01
8.15207000e-01
8.29284000e-01
8.42864000e-01
8.56151000e-01
8.70091000e-01
8.84931000e-01
9.00316000e-01
9.16015000e-01
9.31885000e-01
9.47818000e-01
9.63911000e-01
9.80220000e-01
9.96560000e-01
1.01319000e+00
1.03015000e+00
1.04716000e+00
1.06446000e+00
1.08160000e+00
1.09859000e+00
1.11652000e+00
1.13366000e+00
1.14991000e+00
1.16771000e+00
1.18641000e+00
1.20462000e+00
1.22265000e+00
1.24091000e+00
1.25990000e+00
1.27915000e+00
1.29907000e+00
1.31872000e+00
1.33873000e+00
1.35928000e+00
1.38020000e+00
1.39997000e+00
1.42030000e+00
1.44119000e+00
1.46188000e+00
1.48232000e+00
1.50297000e+00
1.52324000e+00
1.54399000e+00
1.56551000e+00
1.58722000e+00
1.60832000e+00
1.62852000e+00
1.64844000e+00
1.66936000e+00
1.69222000e+00
1.71615000e+00
1.73985000e+00
1.76230000e+00
1.78531000e+00
1.80889000e+00
1.83256000e+00
1.85724000e+00
1.88235000e+00
1.90732000e+00
1.93149000e+00
1.95643000e+00
1.98233000e+00
2.00784000e+00
2.03282000e+00
2.05747000e+00
2.08231000e+00
2.10731000e+00
2.13250000e+00
2.15784000e+00
2.18285000e+00
2.20844000e+00
2.23460000e+00
2.26123000e+00
2.28835000e+00
2.31516000e+00
2.34269000e+00
2.37129000e+00
2.40098000e+00
2.43094000e+00
2.49213000e+00
2.55265000e+00
2.61424000e+00
2.67728000e+00
2.74075000e+00
2.80703000e+00
2.87711000e+00
2.94744000e+00
3.01873000e+00
3.08934000e+00
3.15806000e+00
3.22874000e+00
3.29986000e+00
3.37152000e+00
3.44628000e+00
3.51940000e+00
3.59223000e+00
3.66373000e+00
3.73449000e+00
3.80451000e+00
3.87614000e+00
3.95003000e+00
4.02539000e+00
4.10444000e+00
4.18710000e+00
4.27148000e+00
4.35790000e+00
4.44808000e+00
4.54045000e+00
4.63645000e+00
4.73480000e+00
4.83426000e+00
4.93356000e+00
5.03298000e+00
5.13295000e+00
5.23467000e+00
5.34000000e+00
5.44649000e+00
5.55487000e+00
5.66933000e+00
5.78652000e+00
5.90501000e+00
6.02290000e+00
6.13940000e+00
6.25414000e+00
6.36828000e+00
6.48383000e+00
6.60525000e+00
6.72474000e+00
6.84460000e+00
6.96243000e+00
7.08181000e+00
7.20674000e+00
7.33999000e+00
7.46919000e+00
7.59814000e+00
7.73014000e+00
7.86188000e+00
7.99553000e+00
8.12572000e+00
8.25471000e+00
8.38141000e+00
8.50989000e+00
8.63870000e+00
8.77328000e+00
8.91520000e+00
9.06293000e+00
9.21501000e+00
9.37255000e+00
9.53074000e+00
9.68923000e+00
9.84800000e+00
1.00101000e+01
1.01775000e+01
1.03448000e+01
1.05134000e+01
1.06811000e+01
1.08500000e+01
1.10164000e+01
1.11821000e+01
1.13550000e+01
1.15289000e+01
1.17032000e+01
1.18803000e+01
1.20594000e+01
1.22404000e+01
1.24232000e+01
1.26109000e+01
1.28067000e+01
1.29999000e+01
1.31936000e+01
1.33923000e+01
1.35935000e+01
1.37947000e+01
1.39948000e+01
1.41919000e+01
1.43935000e+01
1.46054000e+01
1.48209000e+01
1.50352000e+01
1.52443000e+01
1.54516000e+01
1.56606000e+01
1.58733000e+01
1.60893000e+01
1.63061000e+01
1.65233000e+01
1.67382000e+01
1.69491000e+01
1.71585000e+01
1.73706000e+01
1.75871000e+01
1.78135000e+01
1.80512000e+01
1.82963000e+01
1.85439000e+01
1.87911000e+01
1.90356000e+01
1.92821000e+01
1.95317000e+01
1.97851000e+01
2.00388000e+01
2.02952000e+01
2.05558000e+01
2.08215000e+01
2.10969000e+01
2.13781000e+01
2.16656000e+01
2.19519000e+01
2.22405000e+01
2.25270000e+01
2.28150000e+01
2.31052000e+01
2.33957000e+01
2.36836000e+01
2.39690000e+01
2.42546000e+01
2.45459000e+01
2.48435000e+01
2.51383000e+01
2.54262000e+01
2.57117000e+01
2.59978000e+01
2.62877000e+01
2.65831000e+01
2.68871000e+01
2.72025000e+01
2.75205000e+01
2.78380000e+01
2.81553000e+01
2.84737000e+01
2.87952000e+01
2.91225000e+01
2.94579000e+01
2.98030000e+01
3.01552000e+01
3.05130000e+01
3.08677000e+01
3.12218000e+01
3.15815000e+01
3.20000000e+01
3.30000000e+01
3.40000000e+01
3.50000000e+01
3.60000000e+01
3.70000000e+01
3.80000000e+01
3.90000000e+01
4.00000000e+01
4.10000000e+01
4.20000000e+01
4.30000000e+01
4.40000000e+01
4.50000000e+01
4.60000000e+01
4.70000000e+01
4.80000000e+01
4.90000000e+01
5.00000000e+01
5.10000000e+01
5.20000000e+01
5.30000000e+01
5.40000000e+01
5.50000000e+01
5.60000000e+01
5.70000000e+01
5.80000000e+01
5.90000000e+01
6.00000000e+01
6.10000000e+01
6.20000000e+01
6.30000000e+01
6.40000000e+01
6.50000000e+01
6.60000000e+01
6.70000000e+01
6.80000000e+01
6.90000000e+01
7.00000000e+01
7.10000000e+01
7.20000000e+01
7.30000000e+01
7.40000000e+01
7.50000000e+01
7.60000000e+01
7.70000000e+01
7.80000000e+01
7.90000000e+01
8.00000000e+01
8.10000000e+01
8.20000000e+01
8.30000000e+01
8.40000000e+01
8.50000000e+01
8.60000000e+01
8.70000000e+01
8.80000000e+01
8.90000000e+01
9.00000000e+01
9.10000000e+01
9.20000000e+01
9.30000000e+01
9.40000000e+01
9.50000000e+01
9.60000000e+01
9.70000000e+01
9.80000000e+01
9.90000000e+01
1.00000000e+02
1.01000000e+02
1.02000000e+02
1.03000000e+02
1.04000000e+02
1.05000000e+02
1.06000000e+02
1.07000000e+02
1.08000000e+02
1.09000000e+02
1.10000000e+02
1.11000000e+02
1.12000000e+02
1.13000000e+02
1.14000000e+02
1.15000000e+02
1.16000000e+02
1.17000000e+02
1.18000000e+02
1.19000000e+02
1.20000000e+02
1.21000000e+02
1.22000000e+02
1.23000000e+02
1.24000000e+02
1.25000000e+02
1.26000000e+02
1.27000000e+02
1.28000000e+02
1.29000000e+02
1.30000000e+02
1.31000000e+02
1.32000000e+02
1.33000000e+02
1.34000000e+02
1.35000000e+02
1.36000000e+02
1.37000000e+02
1.38000000e+02
1.39000000e+02
1.40000000e+02
1.41000000e+02
1.42000000e+02
1.43000000e+02
1.44000000e+02
1.45000000e+02
1.46000000e+02
1.47000000e+02
1.48000000e+02
1.49000000e+02
1.50000000e+02
1.51000000e+02
1.52000000e+02
1.53000000e+02
1.54000000e+02
1.55000000e+02
1.56000000e+02
1.57000000e+02
1.58000000e+02
1.59000000e+02
1.60000000e+02
1.60196000e+02
1.61000000e+02
1.62000000e+02
1.63000000e+02
1.64000000e+02
1.65000000e+02
1.66000000e+02
1.67000000e+02
1.68000000e+02
1.69000000e+02
1.70000000e+02
1.71000000e+02
1.72000000e+02
1.73000000e+02
1.74000000e+02
1.75000000e+02
1.76000000e+02
1.77000000e+02
1.78000000e+02
1.79000000e+02
1.80000000e+02
1.81000000e+02
1.82000000e+02
1.83000000e+02
1.84000000e+02
1.85000000e+02
1.86000000e+02
1.87000000e+02
1.88000000e+02
1.89000000e+02
1.90000000e+02
1.91000000e+02
1.92000000e+02
1.93000000e+02
1.94000000e+02
1.95000000e+02
1.96000000e+02
1.97000000e+02
1.98000000e+02
1.99000000e+02
2.00000000e+02
2.01000000e+02
2.02000000e+02
2.03000000e+02
2.04000000e+02
2.05000000e+02
2.06000000e+02
2.07000000e+02
2.08000000e+02
2.09000000e+02
2.10000000e+02
2.11000000e+02
2.12000000e+02
2.13000000e+02
2.14000000e+02
2.15000000e+02
2.16000000e+02
2.17000000e+02
2.18000000e+02
2.19000000e+02
2.20000000e+02
2.21000000e+02
2.22000000e+02
2.23000000e+02
2.24000000e+02
2.25000000e+02
2.26000000e+02
2.27000000e+02
2.28000000e+02
2.29000000e+02
2.30000000e+02
2.31000000e+02
2.32000000e+02
2.33000000e+02
2.34000000e+02
2.35000000e+02
2.36000000e+02
2.37000000e+02
2.38000000e+02
2.39000000e+02
2.40000000e+02
2.41000000e+02
2.42000000e+02
2.43000000e+02
2.44000000e+02
2.45000000e+02
2.46000000e+02
2.47000000e+02
2.48000000e+02
2.49000000e+02
2.50000000e+02
2.51000000e+02
2.52000000e+02
2.53000000e+02
2.54000000e+02
2.55000000e+02
2.56000000e+02
2.57000000e+02
2.58000000e+02
2.59000000e+02
2.60000000e+02
2.61000000e+02
2.62000000e+02
2.63000000e+02
2.64000000e+02
2.65000000e+02
2.66000000e+02
2.67000000e+02
2.68000000e+02
2.69000000e+02
2.70000000e+02
2.71000000e+02
2.72000000e+02
2.73000000e+02
2.74000000e+02
2.75000000e+02
2.76000000e+02
2.77000000e+02
2.78000000e+02
2.79000000e+02
2.80000000e+02
2.81000000e+02
2.82000000e+02
2.83000000e+02
2.84000000e+02
2.85000000e+02
2.86000000e+02
2.87000000e+02
2.88000000e+02
2.89000000e+02
2.90000000e+02
2.91000000e+02
2.92000000e+02
2.93000000e+02
2.94000000e+02
2.95000000e+02
2.96000000e+02
2.97000000e+02
2.98000000e+02
2.99000000e+02
3.00000000e+02
3.01000000e+02
3.02000000e+02
3.03000000e+02
3.04000000e+02
3.05000000e+02
3.06000000e+02
3.07000000e+02
3.08000000e+02
3.09000000e+02
3.10000000e+02
3.11000000e+02
3.12000000e+02
3.13000000e+02
3.14000000e+02
3.15000000e+02
3.16000000e+02
3.17000000e+02
3.18000000e+02
3.19000000e+02
3.20000000e+02
3.21000000e+02
3.22000000e+02
3.23000000e+02
3.24000000e+02
3.25000000e+02
3.26000000e+02
3.27000000e+02
3.28000000e+02
3.29000000e+02
3.30000000e+02
3.31000000e+02
3.32000000e+02
3.33000000e+02
3.34000000e+02
3.35000000e+02
3.36000000e+02
3.37000000e+02
3.38000000e+02
3.39000000e+02
3.40000000e+02
3.41000000e+02
3.42000000e+02
3.43000000e+02
3.44000000e+02
3.45000000e+02
3.46000000e+02
3.47000000e+02
3.48000000e+02
3.49000000e+02
3.50000000e+02
3.51000000e+02
3.52000000e+02
3.53000000e+02
3.54000000e+02
3.55000000e+02
3.56000000e+02
3.57000000e+02
3.58000000e+02
3.59000000e+02
3.60000000e+02
3.61000000e+02
3.62000000e+02
3.63000000e+02
3.64000000e+02
3.65000000e+02
3.66000000e+02
3.67000000e+02
3.68000000e+02
3.69000000e+02
3.70000000e+02
3.71000000e+02
3.72000000e+02
3.73000000e+02
3.74000000e+02
3.75000000e+02
3.76000000e+02
3.77000000e+02
3.78000000e+02
3.79000000e+02
3.80000000e+02
3.81000000e+02
3.82000000e+02
3.83000000e+02
3.84000000e+02
3.85000000e+02
3.86000000e+02
3.87000000e+02
3.88000000e+02
3.89000000e+02
3.90000000e+02
3.91000000e+02
3.92000000e+02
3.93000000e+02
3.94000000e+02
3.95000000e+02
3.96000000e+02
3.97000000e+02
3.98000000e+02
3.99000000e+02
4.00000000e+02
4.01000000e+02
4.02000000e+02
4.03000000e+02
4.04000000e+02
4.05000000e+02
4.06000000e+02
4.07000000e+02
4.08000000e+02
4.09000000e+02
4.10000000e+02
4.11000000e+02
4.12000000e+02
4.13000000e+02
4.14000000e+02
4.15000000e+02
4.16000000e+02
4.17000000e+02
4.18000000e+02
4.19000000e+02
4.20000000e+02
4.21000000e+02
4.22000000e+02
4.23000000e+02
4.24000000e+02
4.25000000e+02
4.26000000e+02
4.27000000e+02
4.28000000e+02
4.29000000e+02
4.30000000e+02
4.31000000e+02
4.32000000e+02
4.33000000e+02
4.34000000e+02
4.35000000e+02
4.36000000e+02
4.37000000e+02
4.38000000e+02
4.39000000e+02
4.40000000e+02
4.41000000e+02
4.42000000e+02
4.43000000e+02
4.44000000e+02
4.45000000e+02
4.46000000e+02
4.47000000e+02
4.48000000e+02
4.49000000e+02
4.50000000e+02
4.50400000e+02
4.50800000e+02
4.51200000e+02
4.51600000e+02
4.52000000e+02
4.52400000e+02
4.52800000e+02
4.53200000e+02
4.53600000e+02
4.54000000e+02
4.54400000e+02
4.54800000e+02
4.55000000e+02
4.55400000e+02
4.55800000e+02
4.56200000e+02
4.56600000e+02
4.57000000e+02
4.57400000e+02
4.57800000e+02
4.58200000e+02
4.58600000e+02
4.59000000e+02
4.59400000e+02
4.59800000e+02
4.60000000e+02
4.60400000e+02
4.60800000e+02
4.61200000e+02
4.61600000e+02
4.62000000e+02
4.62400000e+02
4.62800000e+02
4.63200000e+02
4.63600000e+02
4.64000000e+02
4.64400000e+02
4.64800000e+02
4.65000000e+02
4.65400000e+02
4.65800000e+02
4.66200000e+02
4.66600000e+02
4.67000000e+02
4.67400000e+02
4.67800000e+02
4.68200000e+02
4.68600000e+02
4.69000000e+02
4.69400000e+02
4.69800000e+02
4.70000000e+02
4.70400000e+02
4.70800000e+02
4.71200000e+02
4.71600000e+02
4.72000000e+02
4.72400000e+02
4.72800000e+02
4.73200000e+02
4.73600000e+02
4.74000000e+02
4.74400000e+02
4.74800000e+02
4.75000000e+02
4.75400000e+02
4.75800000e+02
4.76200000e+02
4.76600000e+02
4.77000000e+02
4.77400000e+02
4.77800000e+02
4.78200000e+02
4.78600000e+02
4.79000000e+02
4.79400000e+02
4.79800000e+02
4.80000000e+02
4.80400000e+02
4.80800000e+02
4.81200000e+02
4.81600000e+02
4.82000000e+02
4.82400000e+02
4.82800000e+02
4.83200000e+02
4.83600000e+02
4.84000000e+02
4.84400000e+02
4.84800000e+02
4.85000000e+02
4.85400000e+02
4.85800000e+02
4.86200000e+02
4.86600000e+02
4.87000000e+02
4.87400000e+02
4.87800000e+02
4.88200000e+02
4.88600000e+02
4.89000000e+02
4.89400000e+02
4.89800000e+02
4.90000000e+02
4.90400000e+02
4.90800000e+02
4.91200000e+02
4.91600000e+02
4.92000000e+02
4.92400000e+02
4.92800000e+02
4.93200000e+02
4.93600000e+02
4.94000000e+02
4.94400000e+02
4.94800000e+02
4.95000000e+02
4.95400000e+02
4.95800000e+02
4.96200000e+02
4.96600000e+02
4.97000000e+02
4.97400000e+02
4.97800000e+02
4.98200000e+02
4.98600000e+02
4.99000000e+02
4.99400000e+02
4.99800000e+02
5.00000000e+02
5.00400000e+02
5.00800000e+02
5.01200000e+02
5.01600000e+02
5.02000000e+02
5.02400000e+02
5.02800000e+02
5.03200000e+02
5.03600000e+02
5.04000000e+02
5.04400000e+02
5.04800000e+02
5.05000000e+02
5.05400000e+02
5.05800000e+02
5.06200000e+02
5.06600000e+02
5.07000000e+02
5.07400000e+02
5.07800000e+02
5.08200000e+02
5.08600000e+02
5.09000000e+02
5.09400000e+02
5.09800000e+02
5.10000000e+02
5.10400000e+02
5.10800000e+02
5.11200000e+02
5.11600000e+02
5.12000000e+02
5.12400000e+02
5.12800000e+02
5.13200000e+02
5.13600000e+02
5.14000000e+02
5.14400000e+02
5.14800000e+02
5.15000000e+02
5.15400000e+02
5.15800000e+02
5.16200000e+02
5.16600000e+02
5.17000000e+02
5.17400000e+02
5.17800000e+02
5.18200000e+02
5.18600000e+02
5.19000000e+02
5.19400000e+02
5.19800000e+02
5.20000000e+02
5.20400000e+02
5.20800000e+02
5.21200000e+02
5.21600000e+02
5.22000000e+02
5.22400000e+02
5.22800000e+02
5.23200000e+02
5.23600000e+02
5.24000000e+02
5.24400000e+02
5.24800000e+02
5.25000000e+02
5.25400000e+02
5.25800000e+02
5.26200000e+02
5.26600000e+02
5.27000000e+02
5.27500000e+02
5.28000000e+02
5.28500000e+02
5.29000000e+02
5.29500000e+02
5.30000000e+02
5.30500000e+02
5.31000000e+02
5.31500000e+02
5.32000000e+02
5.32500000e+02
5.33000000e+02
5.33500000e+02
5.34000000e+02
5.34500000e+02
5.35000000e+02
5.35500000e+02
5.36000000e+02
5.36500000e+02
5.37000000e+02
5.37500000e+02
5.38000000e+02
5.38500000e+02
5.39000000e+02
5.39500000e+02
5.40000000e+02
5.40500000e+02
5.41000000e+02
5.41500000e+02
5.42000000e+02
5.42500000e+02
5.43000000e+02
5.43500000e+02
5.44000000e+02
5.44500000e+02
5.45000000e+02
5.45500000e+02
5.46000000e+02
5.46500000e+02
5.47000000e+02
5.47500000e+02
5.48000000e+02
5.48500000e+02
5.49000000e+02
5.49500000e+02
5.50000000e+02
5.50500000e+02
5.51000000e+02
5.51500000e+02
5.52000000e+02
5.52500000e+02
5.53000000e+02
5.53500000e+02
5.54000000e+02
5.54500000e+02
5.55000000e+02
5.55500000e+02
5.56000000e+02
5.56500000e+02
5.57000000e+02
5.57500000e+02
5.58000000e+02
5.58500000e+02
5.59000000e+02
5.59500000e+02
5.60000000e+02
5.60500000e+02
5.61000000e+02
5.61500000e+02
5.62000000e+02
5.62500000e+02
5.63000000e+02
5.63500000e+02
5.64000000e+02
5.64500000e+02
5.65000000e+02
5.65500000e+02
5.66000000e+02
5.66500000e+02
5.67000000e+02
5.67500000e+02
5.68000000e+02
5.68500000e+02
5.69000000e+02
5.69500000e+02
5.70000000e+02
5.70500000e+02
5.71000000e+02
5.71500000e+02
5.72000000e+02
5.72500000e+02
5.73000000e+02
5.73500000e+02
5.74000000e+02
5.74500000e+02
5.75000000e+02
5.75500000e+02
5.76000000e+02
5.76500000e+02
5.77000000e+02
5.77500000e+02
5.78000000e+02
5.78500000e+02
5.79000000e+02
5.79500000e+02
5.80000000e+02
5.80500000e+02
5.81000000e+02
5.81500000e+02
5.82000000e+02
5.82500000e+02
5.83000000e+02
5.83500000e+02
5.84000000e+02
5.84500000e+02
5.85000000e+02
5.85500000e+02
5.86000000e+02
5.86500000e+02
5.87000000e+02
5.87500000e+02
5.88000000e+02
5.88500000e+02
5.89000000e+02
5.89500000e+02
5.90000000e+02
5.90500000e+02
5.91000000e+02
5.91500000e+02
5.92000000e+02
5.92500000e+02
5.93000000e+02
5.93500000e+02
5.94000000e+02
5.94500000e+02
5.95000000e+02
5.95500000e+02
5.96000000e+02
5.96500000e+02
5.97000000e+02
5.97500000e+02
5.98000000e+02
5.98500000e+02
5.99000000e+02
5.99500000e+02
6.00000000e+02
6.00500000e+02
6.01000000e+02
6.01500000e+02
6.02000000e+02
6.02500000e+02
6.03000000e+02
6.03500000e+02
6.04000000e+02
6.04500000e+02
6.05000000e+02
6.05500000e+02
6.06000000e+02
6.06500000e+02
6.07000000e+02
6.07500000e+02
6.08000000e+02
6.08500000e+02
6.09000000e+02
6.09500000e+02
6.10000000e+02
6.10500000e+02
6.11000000e+02
6.11500000e+02
6.12000000e+02
6.12500000e+02
6.13000000e+02
6.13500000e+02
6.14000000e+02
6.14500000e+02
6.15000000e+02
6.15500000e+02
6.16000000e+02
6.16500000e+02
6.17000000e+02
6.17500000e+02
6.18000000e+02
6.18500000e+02
6.19000000e+02
6.19500000e+02
6.20000000e+02
6.20500000e+02
6.21000000e+02
6.21500000e+02
6.22000000e+02
6.22500000e+02
6.23000000e+02
6.23500000e+02
6.24000000e+02
6.24500000e+02
6.25000000e+02
6.25500000e+02
6.26000000e+02
6.26500000e+02
6.27000000e+02
6.27500000e+02
6.28000000e+02
6.28500000e+02
6.29000000e+02
6.29500000e+02
6.30000000e+02
6.30500000e+02
6.31000000e+02
6.31500000e+02
6.32000000e+02
6.32500000e+02
6.33000000e+02
6.33500000e+02
6.34000000e+02
6.34500000e+02
6.35000000e+02
6.35500000e+02
6.36000000e+02
6.36500000e+02
6.37000000e+02
6.37500000e+02
6.38000000e+02
6.38500000e+02
6.39000000e+02
6.39500000e+02
6.40000000e+02
6.40500000e+02
6.41000000e+02
6.41500000e+02
6.42000000e+02
6.42500000e+02
6.43000000e+02
6.43500000e+02
6.44000000e+02
6.44500000e+02
6.45000000e+02
6.45500000e+02
6.46000000e+02
6.46500000e+02
6.47000000e+02
6.47500000e+02
6.48000000e+02
6.48500000e+02
6.49000000e+02
6.49500000e+02
6.50000000e+02
